

































































































































0.979798
0.979798	0.979798
0.979798	0.979798	0.979798
0.979798	0.979798	0.979798	0.979798
0.979798	0.979798	0.979798	0.979798	0.979798
0.979798	0.979798	0.979798	0.979798	0.979798	0.979798
0.979798	0.979798	0.979798	0.979798	0.979798	0.979798	0.979798
0.979798	0.979798	0.979798	0.979798	0.979798	0.979798	0.979798	0.979798
0.979798	0.979798	0.979798	0.979798	0.979798	0.979798	0.979798	0.979798	0.979798
0.979798	0.979798	0.979798	0.979798	0.979798	0.979798	0.979798	0.979798	0.979798	0.979798
0.979798	0.979798	0.979798	0.979798	0.979798	0.979798	0.979798	0.979798	0.979798	0.979798	0.979798
0.979798	0.979798	0.979798	0.979798	0.979798	0.979798	0.979798	0.979798	0.979798	0.979798	0.979798	0.979798
0.979798	0.979798	0.979798	0.979798	0.979798	0.979798	0.979798	0.979798	0.979798	0.979798	0.979798	0.979798	0.979798
0.979798	0.979798	0.979798	0.979798	0.979798	0.979798	0.979798	0.979798	0.979798	0.979798	0.979798	0.979798	0.979798	0.979798
0.979798	0.979798	0.979798	0.979798	0.979798	0.979798	0.979798	0.979798	0.979798	0.979798	0.979798	0.979798	0.979798	0.979798	0.979798
0.979798	0.979798	0.979798	0.979798	0.979798	0.979798	0.979798	0.979798	0.979798	0.979798	0.979798	0.979798	0.979798	0.979798	0.979798	0.979798
0.979798	0.979798	0.979798	0.979798	0.979798	0.979798	0.979798	0.979798	0.979798	0.979798	0.979798	0.979798	0.979798	0.979798	0.979798	0.979798	0.979798
0.979798	0.979798	0.979798	0.979798	0.979798	0.979798	0.979798	0.979798	0.979798	0.979798	0.979798	0.979798	0.979798	0.979798	0.979798	0.979798	0.979798	0.979798
0.979798	0.979798	0.979798	0.979798	0.979798	0.979798	0.979798	0.979798	0.979798	0.979798	0.979798	0.979798	0.979798	0.979798	0.979798	0.979798	0.979798	0.979798	0.979798
0.979798	0.979798	0.979798	0.979798	0.979798	0.979798	0.979798	0.979798	0.979798	0.979798	0.979798	0.979798	0.979798	0.979798	0.979798	0.979798	0.979798	0.979798	0.979798	0.979798
0.979798	0.979798	0.979798	0.979798	0.979798	0.979798	0.979798	0.979798	0.979798	0.979798	0.979798	0.979798	0.979798	0.979798	0.979798	0.979798	0.979798	0.979798	0.979798	0.979798	0.979798
0.979798	0.979798	0.979798	0.979798	0.979798	0.979798	0.979798	0.979798	0.979798	0.979798	0.979798	0.979798	0.979798	0.979798	0.979798	0.979798	0.979798	0.979798	0.979798	0.979798	0.979798	0.979798
0.979798	0.979798	0.979798	0.979798	0.979798	0.979798	0.979798	0.979798	0.979798	0.979798	0.979798	0.979798	0.979798	0.979798	0.979798	0.979798	0.979798	0.979798	0.979798	0.979798	0.979798	0.979798	0.979798
0.979798	0.979798	0.979798	0.979798	0.979798	0.979798	0.979798	0.979798	0.979798	0.979798	0.979798	0.979798	0.979798	0.979798	0.979798	0.979798	0.979798	0.979798	0.979798	0.979798	0.979798	0.979798	0.979798	0.979798
0.979798	0.979798	0.979798	0.979798	0.979798	0.979798	0.979798	0.979798	0.979798	0.979798	0.979798	0.979798	0.979798	0.979798	0.979798	0.979798	0.979798	0.979798	0.979798	0.979798	0.979798	0.979798	0.979798	0.979798	0.979798
0.979798	0.979798	0.979798	0.979798	0.979798	0.979798	0.979798	0.979798	0.979798	0.979798	0.979798	0.979798	0.979798	0.979798	0.979798	0.979798	0.979798	0.979798	0.979798	0.979798	0.979798	0.979798	0.979798	0.979798	0.979798	0.979798
0.979798	0.979798	0.979798	0.979798	0.979798	0.979798	0.979798	0.979798	0.979798	0.979798	0.979798	0.979798	0.979798	0.979798	0.979798	0.979798	0.979798	0.979798	0.979798	0.979798	0.979798	0.979798	0.979798	0.979798	0.979798	0.979798	0.979798
0.979798	0.979798	0.979798	0.979798	0.979798	0.979798	0.979798	0.979798	0.979798	0.979798	0.979798	0.979798	0.979798	0.979798	0.979798	0.979798	0.979798	0.979798	0.979798	0.979798	0.979798	0.979798	0.979798	0.979798	0.979798	0.979798	0.979798	0.979798
0.979798	0.979798	0.979798	0.979798	0.979798	0.979798	0.979798	0.979798	0.979798	0.979798	0.979798	0.979798	0.979798	0.979798	0.979798	0.979798	0.979798	0.979798	0.979798	0.979798	0.979798	0.979798	0.979798	0.979798	0.979798	0.979798	0.979798	0.979798	0.979798
0.979798	0.979798	0.979798	0.979798	0.979798	0.979798	0.979798	0.979798	0.979798	0.979798	0.979798	0.979798	0.979798	0.979798	0.979798	0.979798	0.979798	0.979798	0.979798	0.979798	0.979798	0.979798	0.979798	0.979798	0.979798	0.979798	0.979798	0.979798	0.979798	0.979798
0.979798	0.979798	0.979798	0.979798	0.979798	0.979798	0.979798	0.979798	0.979798	0.979798	0.979798	0.979798	0.979798	0.979798	0.979798	0.979798	0.979798	0.979798	0.979798	0.979798	0.979798	0.979798	0.979798	0.979798	0.979798	0.979798	0.979798	0.979798	0.979798	0.979798	0.979798
0.979798	0.979798	0.979798	0.979798	0.979798	0.979798	0.979798	0.979798	0.979798	0.979798	0.979798	0.979798	0.979798	0.979798	0.979798	0.979798	0.979798	0.979798	0.979798	0.979798	0.979798	0.979798	0.979798	0.979798	0.979798	0.979798	0.979798	0.979798	0.979798	0.979798	0.979798	0.979798
0.979798	0.979798	0.979798	0.979798	0.979798	0.979798	0.979798	0.979798	0.979798	0.979798	0.979798	0.979798	0.979798	0.979798	0.979798	0.979798	0.979798	0.979798	0.979798	0.979798	0.979798	0.979798	0.979798	0.979798	0.979798	0.979798	0.979798	0.979798	0.979798	0.979798	0.979798	0.979798	0.979798
0.979798	0.979798	0.979798	0.979798	0.979798	0.979798	0.979798	0.979798	0.979798	0.979798	0.979798	0.979798	0.979798	0.979798	0.979798	0.979798	0.979798	0.979798	0.979798	0.979798	0.979798	0.979798	0.979798	0.979798	0.979798	0.979798	0.979798	0.979798	0.979798	0.979798	0.979798	0.979798	0.979798	0.979798
0.979798	0.979798	0.979798	0.979798	0.979798	0.979798	0.979798	0.979798	0.979798	0.979798	0.979798	0.979798	0.979798	0.979798	0.979798	0.979798	0.979798	0.979798	0.979798	0.979798	0.979798	0.979798	0.979798	0.979798	0.979798	0.979798	0.979798	0.979798	0.979798	0.979798	0.979798	0.979798	0.979798	0.979798	0.979798
0.979798	0.979798	0.979798	0.979798	0.979798	0.979798	0.979798	0.979798	0.979798	0.979798	0.979798	0.979798	0.979798	0.979798	0.979798	0.979798	0.979798	0.979798	0.979798	0.979798	0.979798	0.979798	0.979798	0.979798	0.979798	0.979798	0.979798	0.979798	0.979798	0.979798	0.979798	0.979798	0.979798	0.979798	0.979798	0.979798
0.979798	0.979798	0.979798	0.979798	0.979798	0.979798	0.979798	0.979798	0.979798	0.979798	0.979798	0.979798	0.979798	0.979798	0.979798	0.979798	0.979798	0.979798	0.979798	0.979798	0.979798	0.979798	0.979798	0.979798	0.979798	0.979798	0.979798	0.979798	0.979798	0.979798	0.979798	0.979798	0.979798	0.979798	0.979798	0.979798	0.979798
0.979798	0.979798	0.979798	0.979798	0.979798	0.979798	0.979798	0.979798	0.979798	0.979798	0.979798	0.979798	0.979798	0.979798	0.979798	0.979798	0.979798	0.979798	0.979798	0.979798	0.979798	0.979798	0.979798	0.979798	0.979798	0.979798	0.979798	0.979798	0.979798	0.979798	0.979798	0.979798	0.979798	0.979798	0.979798	0.979798	0.979798	0.979798
0.979798	0.979798	0.979798	0.979798	0.979798	0.979798	0.979798	0.979798	0.979798	0.979798	0.979798	0.979798	0.979798	0.979798	0.979798	0.979798	0.979798	0.979798	0.979798	0.979798	0.979798	0.979798	0.979798	0.979798	0.979798	0.979798	0.979798	0.979798	0.979798	0.979798	0.979798	0.979798	0.979798	0.979798	0.979798	0.979798	0.979798	0.979798	0.979798
0.979798	0.979798	0.979798	0.979798	0.979798	0.979798	0.979798	0.979798	0.979798	0.979798	0.979798	0.979798	0.979798	0.979798	0.979798	0.979798	0.979798	0.979798	0.979798	0.979798	0.979798	0.979798	0.979798	0.979798	0.979798	0.979798	0.979798	0.979798	0.979798	0.979798	0.979798	0.979798	0.979798	0.979798	0.979798	0.979798	0.979798	0.979798	0.979798	0.979798
0.979798	0.979798	0.979798	0.979798	0.979798	0.979798	0.979798	0.979798	0.979798	0.979798	0.979798	0.979798	0.979798	0.979798	0.979798	0.979798	0.979798	0.979798	0.979798	0.979798	0.979798	0.979798	0.979798	0.979798	0.979798	0.979798	0.979798	0.979798	0.979798	0.979798	0.979798	0.979798	0.979798	0.979798	0.979798	0.979798	0.979798	0.979798	0.979798	0.979798	0.979798
0.979798	0.979798	0.979798	0.979798	0.979798	0.979798	0.979798	0.979798	0.979798	0.979798	0.979798	0.979798	0.979798	0.979798	0.979798	0.979798	0.979798	0.979798	0.979798	0.979798	0.979798	0.979798	0.979798	0.979798	0.979798	0.979798	0.979798	0.979798	0.979798	0.979798	0.979798	0.979798	0.979798	0.979798	0.979798	0.979798	0.979798	0.979798	0.979798	0.979798	0.979798	0.979798
0.979798	0.979798	0.979798	0.979798	0.979798	0.979798	0.979798	0.979798	0.979798	0.979798	0.979798	0.979798	0.979798	0.979798	0.979798	0.979798	0.979798	0.979798	0.979798	0.979798	0.979798	0.979798	0.979798	0.979798	0.979798	0.979798	0.979798	0.979798	0.979798	0.979798	0.979798	0.979798	0.979798	0.979798	0.979798	0.979798	0.979798	0.979798	0.979798	0.979798	0.979798	0.979798	0.979798
0.979798	0.979798	0.979798	0.979798	0.979798	0.979798	0.979798	0.979798	0.979798	0.979798	0.979798	0.979798	0.979798	0.979798	0.979798	0.979798	0.979798	0.979798	0.979798	0.979798	0.979798	0.979798	0.979798	0.979798	0.979798	0.979798	0.979798	0.979798	0.979798	0.979798	0.979798	0.979798	0.979798	0.979798	0.979798	0.979798	0.979798	0.979798	0.979798	0.979798	0.979798	0.979798	0.979798	0.979798
0.979798	0.979798	0.979798	0.979798	0.979798	0.979798	0.979798	0.979798	0.979798	0.979798	0.979798	0.979798	0.979798	0.979798	0.979798	0.979798	0.979798	0.979798	0.979798	0.979798	0.979798	0.979798	0.979798	0.979798	0.979798	0.979798	0.979798	0.979798	0.979798	0.979798	0.979798	0.979798	0.979798	0.979798	0.979798	0.979798	0.979798	0.979798	0.979798	0.979798	0.979798	0.979798	0.979798	0.979798	0.979798
0.979798	0.979798	0.979798	0.979798	0.979798	0.979798	0.979798	0.979798	0.979798	0.979798	0.979798	0.979798	0.979798	0.979798	0.979798	0.979798	0.979798	0.979798	0.979798	0.979798	0.979798	0.979798	0.979798	0.979798	0.979798	0.979798	0.979798	0.979798	0.979798	0.979798	0.979798	0.979798	0.979798	0.979798	0.979798	0.979798	0.979798	0.979798	0.979798	0.979798	0.979798	0.979798	0.979798	0.979798	0.979798	0.979798
0.979798	0.979798	0.979798	0.979798	0.979798	0.979798	0.979798	0.979798	0.979798	0.979798	0.979798	0.979798	0.979798	0.979798	0.979798	0.979798	0.979798	0.979798	0.979798	0.979798	0.979798	0.979798	0.979798	0.979798	0.979798	0.979798	0.979798	0.979798	0.979798	0.979798	0.979798	0.979798	0.979798	0.979798	0.979798	0.979798	0.979798	0.979798	0.979798	0.979798	0.979798	0.979798	0.979798	0.979798	0.979798	0.979798	0.979798
0.979798	0.979798	0.979798	0.979798	0.979798	0.979798	0.979798	0.979798	0.979798	0.979798	0.979798	0.979798	0.979798	0.979798	0.979798	0.979798	0.979798	0.979798	0.979798	0.979798	0.979798	0.979798	0.979798	0.979798	0.979798	0.979798	0.979798	0.979798	0.979798	0.979798	0.979798	0.979798	0.979798	0.979798	0.979798	0.979798	0.979798	0.979798	0.979798	0.979798	0.979798	0.979798	0.979798	0.979798	0.979798	0.979798	0.979798	0.979798
0.979798	0.979798	0.979798	0.979798	0.979798	0.979798	0.979798	0.979798	0.979798	0.979798	0.979798	0.979798	0.979798	0.979798	0.979798	0.979798	0.979798	0.979798	0.979798	0.979798	0.979798	0.979798	0.979798	0.979798	0.979798	0.979798	0.979798	0.979798	0.979798	0.979798	0.979798	0.979798	0.979798	0.979798	0.979798	0.979798	0.979798	0.979798	0.979798	0.979798	0.979798	0.979798	0.979798	0.979798	0.979798	0.979798	0.979798	0.979798	0.979798
0.979798	0.979798	0.979798	0.979798	0.979798	0.979798	0.979798	0.979798	0.979798	0.979798	0.979798	0.979798	0.979798	0.979798	0.979798	0.979798	0.979798	0.979798	0.979798	0.979798	0.979798	0.979798	0.979798	0.979798	0.979798	0.979798	0.979798	0.979798	0.979798	0.979798	0.979798	0.979798	0.979798	0.979798	0.979798	0.979798	0.979798	0.979798	0.979798	0.979798	0.979798	0.979798	0.979798	0.979798	0.979798	0.979798	0.979798	0.979798	0.979798	0.979798
0.979798	0.979798	0.979798	0.979798	0.979798	0.979798	0.979798	0.979798	0.979798	0.979798	0.979798	0.979798	0.979798	0.979798	0.979798	0.979798	0.979798	0.979798	0.979798	0.979798	0.979798	0.979798	0.979798	0.979798	0.979798	0.979798	0.979798	0.979798	0.979798	0.979798	0.979798	0.979798	0.979798	0.979798	0.979798	0.979798	0.979798	0.979798	0.979798	0.979798	0.979798	0.979798	0.979798	0.979798	0.979798	0.979798	0.979798	0.979798	0.979798	0.979798	0.979798
0.979798	0.979798	0.979798	0.979798	0.979798	0.979798	0.979798	0.979798	0.979798	0.979798	0.979798	0.979798	0.979798	0.979798	0.979798	0.979798	0.979798	0.979798	0.979798	0.979798	0.979798	0.979798	0.979798	0.979798	0.979798	0.979798	0.979798	0.979798	0.979798	0.979798	0.979798	0.979798	0.979798	0.979798	0.979798	0.979798	0.979798	0.979798	0.979798	0.979798	0.979798	0.979798	0.979798	0.979798	0.979798	0.979798	0.979798	0.979798	0.979798	0.979798	0.979798	0.979798
0.979798	0.979798	0.979798	0.979798	0.979798	0.979798	0.979798	0.979798	0.979798	0.979798	0.979798	0.979798	0.979798	0.979798	0.979798	0.979798	0.979798	0.979798	0.979798	0.979798	0.979798	0.979798	0.979798	0.979798	0.979798	0.979798	0.979798	0.979798	0.979798	0.979798	0.979798	0.979798	0.979798	0.979798	0.979798	0.979798	0.979798	0.979798	0.979798	0.979798	0.979798	0.979798	0.979798	0.979798	0.979798	0.979798	0.979798	0.979798	0.979798	0.979798	0.979798	0.979798	0.979798
0.979798	0.979798	0.979798	0.979798	0.979798	0.979798	0.979798	0.979798	0.979798	0.979798	0.979798	0.979798	0.979798	0.979798	0.979798	0.979798	0.979798	0.979798	0.979798	0.979798	0.979798	0.979798	0.979798	0.979798	0.979798	0.979798	0.979798	0.979798	0.979798	0.979798	0.979798	0.979798	0.979798	0.979798	0.979798	0.979798	0.979798	0.979798	0.979798	0.979798	0.979798	0.979798	0.979798	0.979798	0.979798	0.979798	0.979798	0.979798	0.979798	0.979798	0.979798	0.979798	0.979798	0.979798
0.979798	0.979798	0.979798	0.979798	0.979798	0.979798	0.979798	0.979798	0.979798	0.979798	0.979798	0.979798	0.979798	0.979798	0.979798	0.979798	0.979798	0.979798	0.979798	0.979798	0.979798	0.979798	0.979798	0.979798	0.979798	0.979798	0.979798	0.979798	0.979798	0.979798	0.979798	0.979798	0.979798	0.979798	0.979798	0.979798	0.979798	0.979798	0.979798	0.979798	0.979798	0.979798	0.979798	0.979798	0.979798	0.979798	0.979798	0.979798	0.979798	0.979798	0.979798	0.979798	0.979798	0.979798	0.979798
0.979798	0.979798	0.979798	0.979798	0.979798	0.979798	0.979798	0.979798	0.979798	0.979798	0.979798	0.979798	0.979798	0.979798	0.979798	0.979798	0.979798	0.979798	0.979798	0.979798	0.979798	0.979798	0.979798	0.979798	0.979798	0.979798	0.979798	0.979798	0.979798	0.979798	0.979798	0.979798	0.979798	0.979798	0.979798	0.979798	0.979798	0.979798	0.979798	0.979798	0.979798	0.979798	0.979798	0.979798	0.979798	0.979798	0.979798	0.979798	0.979798	0.979798	0.979798	0.979798	0.979798	0.979798	0.979798	0.979798
0.979798	0.979798	0.979798	0.979798	0.979798	0.979798	0.979798	0.979798	0.979798	0.979798	0.979798	0.979798	0.979798	0.979798	0.979798	0.979798	0.979798	0.979798	0.979798	0.979798	0.979798	0.979798	0.979798	0.979798	0.979798	0.979798	0.979798	0.979798	0.979798	0.979798	0.979798	0.979798	0.979798	0.979798	0.979798	0.979798	0.979798	0.979798	0.979798	0.979798	0.979798	0.979798	0.979798	0.979798	0.979798	0.979798	0.979798	0.979798	0.979798	0.979798	0.979798	0.979798	0.979798	0.979798	0.979798	0.979798	0.979798
0.979798	0.979798	0.979798	0.979798	0.979798	0.979798	0.979798	0.979798	0.979798	0.979798	0.979798	0.979798	0.979798	0.979798	0.979798	0.979798	0.979798	0.979798	0.979798	0.979798	0.979798	0.979798	0.979798	0.979798	0.979798	0.979798	0.979798	0.979798	0.979798	0.979798	0.979798	0.979798	0.979798	0.979798	0.979798	0.979798	0.979798	0.979798	0.979798	0.979798	0.979798	0.979798	0.979798	0.979798	0.979798	0.979798	0.979798	0.979798	0.979798	0.979798	0.979798	0.979798	0.979798	0.979798	0.979798	0.979798	0.979798	0.979798
0.979798	0.979798	0.979798	0.979798	0.979798	0.979798	0.979798	0.979798	0.979798	0.979798	0.979798	0.979798	0.979798	0.979798	0.979798	0.979798	0.979798	0.979798	0.979798	0.979798	0.979798	0.979798	0.979798	0.979798	0.979798	0.979798	0.979798	0.979798	0.979798	0.979798	0.979798	0.979798	0.979798	0.979798	0.979798	0.979798	0.979798	0.979798	0.979798	0.979798	0.979798	0.979798	0.979798	0.979798	0.979798	0.979798	0.979798	0.979798	0.979798	0.979798	0.979798	0.979798	0.979798	0.979798	0.979798	0.979798	0.979798	0.979798	0.979798
0.979798	0.979798	0.979798	0.979798	0.979798	0.979798	0.979798	0.979798	0.979798	0.979798	0.979798	0.979798	0.979798	0.979798	0.979798	0.979798	0.979798	0.979798	0.979798	0.979798	0.979798	0.979798	0.979798	0.979798	0.979798	0.979798	0.979798	0.979798	0.979798	0.979798	0.979798	0.979798	0.979798	0.979798	0.979798	0.979798	0.979798	0.979798	0.979798	0.979798	0.979798	0.979798	0.979798	0.979798	0.979798	0.979798	0.979798	0.979798	0.979798	0.979798	0.979798	0.979798	0.979798	0.979798	0.979798	0.979798	0.979798	0.979798	0.979798	0.979798
0.979798	0.979798	0.979798	0.979798	0.979798	0.979798	0.979798	0.979798	0.979798	0.979798	0.979798	0.979798	0.979798	0.979798	0.979798	0.979798	0.979798	0.979798	0.979798	0.979798	0.979798	0.979798	0.979798	0.979798	0.979798	0.979798	0.979798	0.979798	0.979798	0.979798	0.979798	0.979798	0.979798	0.979798	0.979798	0.979798	0.979798	0.979798	0.979798	0.979798	0.979798	0.979798	0.979798	0.979798	0.979798	0.979798	0.979798	0.979798	0.979798	0.979798	0.979798	0.979798	0.979798	0.979798	0.979798	0.979798	0.979798	0.979798	0.979798	0.979798	0.979798	0.979798	0.979798	0.979798	0.979798	0.979688
0.979798	0.979798	0.979798	0.979798	0.979798	0.979798	0.979798	0.979798	0.979798	0.979798	0.979798	0.979798	0.979798	0.979798	0.979798	0.979798	0.979798	0.979798	0.979798	0.979798	0.979798	0.979798	0.979798	0.979798	0.979798	0.979798	0.979798	0.979798	0.979798	0.979798	0.979798	0.979798	0.979798	0.979798	0.979798	0.979798	0.979798	0.979798	0.979798	0.979798	0.979798	0.979798	0.979798	0.979798	0.979798	0.979798	0.979798	0.979798	0.979798	0.979798	0.979798	0.979798	0.979798	0.979798	0.979798	0.979798	0.979798	0.979798	0.979798	0.979798	0.979798	0.979798	0.979798	0.979798	0.979798	0.979798	0.979798	0.979798	0.979688	0.979518
0.979798	0.979798	0.979798	0.979798	0.979798	0.979798	0.979798	0.979798	0.979798	0.979798	0.979798	0.979798	0.979798	0.979798	0.979798	0.979798	0.979798	0.979798	0.979798	0.979798	0.979798	0.979798	0.979798	0.979798	0.979798	0.979798	0.979798	0.979798	0.979798	0.979798	0.979798	0.979798	0.979798	0.979798	0.979798	0.979798	0.979798	0.979798	0.979798	0.979798	0.979798	0.979798	0.979798	0.979798	0.979798	0.979798	0.979798	0.979798	0.979798	0.979798	0.979798	0.979798	0.979798	0.979798	0.979798	0.979798	0.979798	0.979798	0.979798	0.979798	0.979798	0.979798	0.979798	0.979798	0.979798	0.979798	0.979798	0.979798	0.979798	0.979798	0.979798	0.979688	0.979518	0.979349
0.979798	0.979798	0.979798	0.979798	0.979798	0.979798	0.979798	0.979798	0.979798	0.979798	0.979798	0.979798	0.979798	0.979798	0.979798	0.979798	0.979798	0.979798	0.979798	0.979798	0.979798	0.979798	0.979798	0.979798	0.979798	0.979798	0.979798	0.979798	0.979798	0.979798	0.979798	0.979798	0.979798	0.979798	0.979798	0.979798	0.979798	0.979798	0.979798	0.979798	0.979798	0.979798	0.979798	0.979798	0.979798	0.979798	0.979798	0.979798	0.979798	0.979798	0.979798	0.979798	0.979798	0.979798	0.979798	0.979798	0.979798	0.979798	0.979798	0.979798	0.979798	0.979798	0.979798	0.979798	0.979798	0.979798	0.979798	0.979798	0.979798	0.979798	0.979798	0.979798	0.979798	0.979798	0.979688	0.979518	0.979349	0.979179
0.979798	0.979798	0.979798	0.979798	0.979798	0.979798	0.979798	0.979798	0.979798	0.979798	0.979798	0.979798	0.979798	0.979798	0.979798	0.979798	0.979798	0.979798	0.979798	0.979798	0.979798	0.979798	0.979798	0.979798	0.979798	0.979798	0.979798	0.979798	0.979798	0.979798	0.979798	0.979798	0.979798	0.979798	0.979798	0.979798	0.979798	0.979798	0.979798	0.979798	0.979798	0.979798	0.979798	0.979798	0.979798	0.979798	0.979798	0.979798	0.979798	0.979798	0.979798	0.979798	0.979798	0.979798	0.979798	0.979798	0.979798	0.979798	0.979798	0.979798	0.979798	0.979798	0.979798	0.979798	0.979798	0.979798	0.979798	0.979798	0.979798	0.979798	0.979798	0.979798	0.979798	0.979798	0.979798	0.979798	0.979798	0.979688	0.979518	0.979349	0.979179	0.979010
0.979798	0.979798	0.979798	0.979798	0.979798	0.979798	0.979798	0.979798	0.979798	0.979798	0.979798	0.979798	0.979798	0.979798	0.979798	0.979798	0.979798	0.979798	0.979798	0.979798	0.979798	0.979798	0.979798	0.979798	0.979798	0.979798	0.979798	0.979798	0.979798	0.979798	0.979798	0.979798	0.979798	0.979798	0.979798	0.979798	0.979798	0.979798	0.979798	0.979798	0.979798	0.979798	0.979798	0.979798	0.979798	0.979798	0.979798	0.979798	0.979798	0.979798	0.979798	0.979798	0.979798	0.979798	0.979798	0.979798	0.979798	0.979798	0.979798	0.979798	0.979798	0.979798	0.979798	0.979798	0.979798	0.979798	0.979798	0.979798	0.979798	0.979798	0.979798	0.979798	0.979798	0.979798	0.979798	0.979798	0.979798	0.979798	0.979798	0.979798	0.979688	0.979518	0.979349	0.979179	0.979010	0.978840
0.979798	0.979798	0.979798	0.979798	0.979798	0.979798	0.979798	0.979798	0.979798	0.979798	0.979798	0.979798	0.979798	0.979798	0.979798	0.979798	0.979798	0.979798	0.979798	0.979798	0.979798	0.979798	0.979798	0.979798	0.979798	0.979798	0.979798	0.979798	0.979798	0.979798	0.979798	0.979798	0.979798	0.979798	0.979798	0.979798	0.979798	0.979798	0.979798	0.979798	0.979798	0.979798	0.979798	0.979798	0.979798	0.979798	0.979798	0.979798	0.979798	0.979798	0.979798	0.979798	0.979798	0.979798	0.979798	0.979798	0.979798	0.979798	0.979798	0.979798	0.979798	0.979798	0.979798	0.979798	0.979798	0.979798	0.979798	0.979798	0.979798	0.979798	0.979798	0.979798	0.979798	0.979798	0.979798	0.979798	0.979798	0.979798	0.979798	0.979798	0.979798	0.979798	0.979798	0.979688	0.979518	0.979349	0.979179	0.979010	0.978840	0.978671
0.979798	0.979798	0.979798	0.979798	0.979798	0.979798	0.979798	0.979798	0.979798	0.979798	0.979798	0.979798	0.979798	0.979798	0.979798	0.979798	0.979798	0.979798	0.979798	0.979798	0.979798	0.979798	0.979798	0.979798	0.979798	0.979798	0.979798	0.979798	0.979798	0.979798	0.979798	0.979798	0.979798	0.979798	0.979798	0.979798	0.979798	0.979798	0.979798	0.979798	0.979798	0.979798	0.979798	0.979798	0.979798	0.979798	0.979798	0.979798	0.979798	0.979798	0.979798	0.979798	0.979798	0.979798	0.979798	0.979798	0.979798	0.979798	0.979798	0.979798	0.979798	0.979798	0.979798	0.979798	0.979798	0.979798	0.979798	0.979798	0.979798	0.979798	0.979798	0.979798	0.979798	0.979798	0.979798	0.979798	0.979798	0.979798	0.979798	0.979798	0.979798	0.979798	0.979798	0.979798	0.979798	0.979798	0.979688	0.979518	0.979349	0.979179	0.979010	0.978840	0.978671	0.978501
0.979798	0.979798	0.979798	0.979798	0.979798	0.979798	0.979798	0.979798	0.979798	0.979798	0.979798	0.979798	0.979798	0.979798	0.979798	0.979798	0.979798	0.979798	0.979798	0.979798	0.979798	0.979798	0.979798	0.979798	0.979798	0.979798	0.979798	0.979798	0.979798	0.979798	0.979798	0.979798	0.979798	0.979798	0.979798	0.979798	0.979798	0.979798	0.979798	0.979798	0.979798	0.979798	0.979798	0.979798	0.979798	0.979798	0.979798	0.979798	0.979798	0.979798	0.979798	0.979798	0.979798	0.979798	0.979798	0.979798	0.979798	0.979798	0.979798	0.979798	0.979798	0.979798	0.979798	0.979798	0.979798	0.979798	0.979798	0.979798	0.979798	0.979798	0.979798	0.979798	0.979798	0.979798	0.979798	0.979798	0.979798	0.979798	0.979798	0.979798	0.979798	0.979798	0.979798	0.979798	0.979798	0.979798	0.979798	0.979798	0.979798	0.979688	0.979518	0.979349	0.979179	0.979010	0.978840	0.978671	0.978501	0.978332
0.979798	0.979798	0.979798	0.979798	0.979798	0.979798	0.979798	0.979798	0.979798	0.979798	0.979798	0.979798	0.979798	0.979798	0.979798	0.979798	0.979798	0.979798	0.979798	0.979798	0.979798	0.979798	0.979798	0.979798	0.979798	0.979798	0.979798	0.979798	0.979798	0.979798	0.979798	0.979798	0.979798	0.979798	0.979798	0.979798	0.979798	0.979798	0.979798	0.979798	0.979798	0.979798	0.979798	0.979798	0.979798	0.979798	0.979798	0.979798	0.979798	0.979798	0.979798	0.979798	0.979798	0.979798	0.979798	0.979798	0.979798	0.979798	0.979798	0.979798	0.979798	0.979798	0.979798	0.979798	0.979798	0.979798	0.979798	0.979798	0.979798	0.979798	0.979798	0.979798	0.979798	0.979798	0.979798	0.979798	0.979798	0.979798	0.979798	0.979798	0.979798	0.979798	0.979798	0.979798	0.979798	0.979798	0.979798	0.979798	0.979798	0.979798	0.979798	0.979798	0.979688	0.979518	0.979349	0.979179	0.979010	0.978840	0.978671	0.978501	0.978332	0.978162
0.979798	0.979798	0.979798	0.979798	0.979798	0.979798	0.979798	0.979798	0.979798	0.979798	0.979798	0.979798	0.979798	0.979798	0.979798	0.979798	0.979798	0.979798	0.979798	0.979798	0.979798	0.979798	0.979798	0.979798	0.979798	0.979798	0.979798	0.979798	0.979798	0.979798	0.979798	0.979798	0.979798	0.979798	0.979798	0.979798	0.979798	0.979798	0.979798	0.979798	0.979798	0.979798	0.979798	0.979798	0.979798	0.979798	0.979798	0.979798	0.979798	0.979798	0.979798	0.979798	0.979798	0.979798	0.979798	0.979798	0.979798	0.979798	0.979798	0.979798	0.979798	0.979798	0.979798	0.979798	0.979798	0.979798	0.979798	0.979798	0.979798	0.979798	0.979798	0.979798	0.979798	0.979798	0.979798	0.979798	0.979798	0.979798	0.979798	0.979798	0.979798	0.979798	0.979798	0.979798	0.979798	0.979798	0.979798	0.979798	0.979798	0.979798	0.979798	0.979798	0.979798	0.979798	0.979798	0.979688	0.979518	0.979349	0.979179	0.979010	0.978840	0.978671	0.978501	0.978332	0.978162	0.977993
0.979798	0.979798	0.979798	0.979798	0.979798	0.979798	0.979798	0.979798	0.979798	0.979798	0.979798	0.979798	0.979798	0.979798	0.979798	0.979798	0.979798	0.979798	0.979798	0.979798	0.979798	0.979798	0.979798	0.979798	0.979798	0.979798	0.979798	0.979798	0.979798	0.979798	0.979798	0.979798	0.979798	0.979798	0.979798	0.979798	0.979798	0.979798	0.979798	0.979798	0.979798	0.979798	0.979798	0.979798	0.979798	0.979798	0.979798	0.979798	0.979798	0.979798	0.979798	0.979798	0.979798	0.979798	0.979798	0.979798	0.979798	0.979798	0.979798	0.979798	0.979798	0.979798	0.979798	0.979798	0.979798	0.979798	0.979798	0.979798	0.979798	0.979798	0.979798	0.979798	0.979798	0.979798	0.979798	0.979798	0.979798	0.979798	0.979798	0.979798	0.979798	0.979798	0.979798	0.979798	0.979798	0.979798	0.979798	0.979798	0.979798	0.979798	0.979798	0.979798	0.979798	0.979798	0.979798	0.979798	0.979798	0.979798	0.979688	0.979518	0.979349	0.979179	0.979010	0.978840	0.978671	0.978501	0.978332	0.978162	0.977993
0.979798	0.979798	0.979798	0.979798	0.979798	0.979798	0.979798	0.979798	0.979798	0.979798	0.979798	0.979798	0.979798	0.979798	0.979798	0.979798	0.979798	0.979798	0.979798	0.979798	0.979798	0.979798	0.979798	0.979798	0.979798	0.979798	0.979798	0.979798	0.979798	0.979798	0.979798	0.979798	0.979798	0.979798	0.979798	0.979798	0.979798	0.979798	0.979798	0.979798	0.979798	0.979798	0.979798	0.979798	0.979798	0.979798	0.979798	0.979798	0.979798	0.979798	0.979798	0.979798	0.979798	0.979798	0.979798	0.979798	0.979798	0.979798	0.979798	0.979798	0.979798	0.979798	0.979798	0.979798	0.979798	0.979798	0.979798	0.979798	0.979798	0.979798	0.979798	0.979798	0.979798	0.979798	0.979798	0.979798	0.979798	0.979798	0.979798	0.979798	0.979798	0.979798	0.979798	0.979798	0.979798	0.979798	0.979798	0.979798	0.979798	0.979798	0.979798	0.979798	0.979798	0.979798	0.979798	0.979798	0.979798	0.979798	0.979798	0.979798	0.979798	0.979688	0.979518	0.979349	0.979179	0.979010	0.978840	0.978671	0.978501	0.978332	0.978162	0.977993
0.979798	0.979798	0.979798	0.979798	0.979798	0.979798	0.979798	0.979798	0.979798	0.979798	0.979798	0.979798	0.979798	0.979798	0.979798	0.979798	0.979798	0.979798	0.979798	0.979798	0.979798	0.979798	0.979798	0.979798	0.979798	0.979798	0.979798	0.979798	0.979798	0.979798	0.979798	0.979798	0.979798	0.979798	0.979798	0.979798	0.979798	0.979798	0.979798	0.979798	0.979798	0.979798	0.979798	0.979798	0.979798	0.979798	0.979798	0.979798	0.979798	0.979798	0.979798	0.979798	0.979798	0.979798	0.979798	0.979798	0.979798	0.979798	0.979798	0.979798	0.979798	0.979798	0.979798	0.979798	0.979798	0.979798	0.979798	0.979798	0.979798	0.979798	0.979798	0.979798	0.979798	0.979798	0.979798	0.979798	0.979798	0.979798	0.979798	0.979798	0.979798	0.979798	0.979798	0.979798	0.979798	0.979798	0.979798	0.979798	0.979798	0.979798	0.979798	0.979798	0.979798	0.979798	0.979798	0.979798	0.979798	0.979798	0.979798	0.979798	0.979798	0.979798	0.979798	0.979798	0.979688	0.979518	0.979349	0.979179	0.979010	0.978840	0.978671	0.978501	0.978332	0.978162	0.977993
0.979798	0.979798	0.979798	0.979798	0.979798	0.979798	0.979798	0.979798	0.979798	0.979798	0.979798	0.979798	0.979798	0.979798	0.979798	0.979798	0.979798	0.979798	0.979798	0.979798	0.979798	0.979798	0.979798	0.979798	0.979798	0.979798	0.979798	0.979798	0.979798	0.979798	0.979798	0.979798	0.979798	0.979798	0.979798	0.979798	0.979798	0.979798	0.979798	0.979798	0.979798	0.979798	0.979798	0.979798	0.979798	0.979798	0.979798	0.979798	0.979798	0.979798	0.979798	0.979798	0.979798	0.979798	0.979798	0.979798	0.979798	0.979798	0.979798	0.979798	0.979798	0.979798	0.979798	0.979798	0.979798	0.979798	0.979798	0.979798	0.979798	0.979798	0.979798	0.979798	0.979798	0.979798	0.979798	0.979798	0.979798	0.979798	0.979798	0.979798	0.979798	0.979798	0.979798	0.979798	0.979798	0.979798	0.979798	0.979798	0.979798	0.979798	0.979798	0.979798	0.979798	0.979798	0.979798	0.979798	0.979798	0.979798	0.979798	0.979798	0.979798	0.979798	0.979798	0.979798	0.979798	0.979798	0.979798	0.979688	0.979518	0.979349	0.979179	0.979010	0.978840	0.978671	0.978501	0.978332	0.978162	0.977993
0.979798	0.979798	0.979798	0.979798	0.979798	0.979798	0.979798	0.979798	0.979798	0.979798	0.979798	0.979798	0.979798	0.979798	0.979798	0.979798	0.979798	0.979798	0.979798	0.979798	0.979798	0.979798	0.979798	0.979798	0.979798	0.979798	0.979798	0.979798	0.979798	0.979798	0.979798	0.979798	0.979798	0.979798	0.979798	0.979798	0.979798	0.979798	0.979798	0.979798	0.979798	0.979798	0.979798	0.979798	0.979798	0.979798	0.979798	0.979798	0.979798	0.979798	0.979798	0.979798	0.979798	0.979798	0.979798	0.979798	0.979798	0.979798	0.979798	0.979798	0.979798	0.979798	0.979798	0.979798	0.979798	0.979798	0.979798	0.979798	0.979798	0.979798	0.979798	0.979798	0.979798	0.979798	0.979798	0.979798	0.979798	0.979798	0.979798	0.979798	0.979798	0.979798	0.979798	0.979798	0.979798	0.979798	0.979798	0.979798	0.979798	0.979798	0.979798	0.979798	0.979798	0.979798	0.979798	0.979798	0.979798	0.979798	0.979798	0.979798	0.979798	0.979798	0.979798	0.979798	0.979798	0.979798	0.979798	0.979798	0.979798	0.979798	0.979688	0.979518	0.979349	0.979179	0.979010	0.978840	0.978671	0.978501	0.978332	0.978162	0.977993
0.979798	0.979798	0.979798	0.979798	0.979798	0.979798	0.979798	0.979798	0.979798	0.979798	0.979798	0.979798	0.979798	0.979798	0.979798	0.979798	0.979798	0.979798	0.979798	0.979798	0.979798	0.979798	0.979798	0.979798	0.979798	0.979798	0.979798	0.979798	0.979798	0.979798	0.979798	0.979798	0.979798	0.979798	0.979798	0.979798	0.979798	0.979798	0.979798	0.979798	0.979798	0.979798	0.979798	0.979798	0.979798	0.979798	0.979798	0.979798	0.979798	0.979798	0.979798	0.979798	0.979798	0.979798	0.979798	0.979798	0.979798	0.979798	0.979798	0.979798	0.979798	0.979798	0.979798	0.979798	0.979798	0.979798	0.979798	0.979798	0.979798	0.979798	0.979798	0.979798	0.979798	0.979798	0.979798	0.979798	0.979798	0.979798	0.979798	0.979798	0.979798	0.979798	0.979798	0.979798	0.979798	0.979798	0.979798	0.979798	0.979798	0.979798	0.979798	0.979798	0.979798	0.979798	0.979798	0.979798	0.979798	0.979798	0.979798	0.979798	0.979798	0.979798	0.979798	0.979798	0.979798	0.979798	0.979798	0.979798	0.979798	0.979798	0.979798	0.979798	0.979798	0.979688	0.979518	0.979349	0.979179	0.979010	0.978840	0.978671	0.978501	0.978332	0.978162	0.977993
0.979798	0.979798	0.979798	0.979798	0.979798	0.979798	0.979798	0.979798	0.979798	0.979798	0.979798	0.979798	0.979798	0.979798	0.979798	0.979798	0.979798	0.979798	0.979798	0.979798	0.979798	0.979798	0.979798	0.979798	0.979798	0.979798	0.979798	0.979798	0.979798	0.979798	0.979798	0.979798	0.979798	0.979798	0.979798	0.979798	0.979798	0.979798	0.979798	0.979798	0.979798	0.979798	0.979798	0.979798	0.979798	0.979798	0.979798	0.979798	0.979798	0.979798	0.979798	0.979798	0.979798	0.979798	0.979798	0.979798	0.979798	0.979798	0.979798	0.979798	0.979798	0.979798	0.979798	0.979798	0.979798	0.979798	0.979798	0.979798	0.979798	0.979798	0.979798	0.979798	0.979798	0.979798	0.979798	0.979798	0.979798	0.979798	0.979798	0.979798	0.979798	0.979798	0.979798	0.979798	0.979798	0.979798	0.979798	0.979798	0.979798	0.979798	0.979798	0.979798	0.979798	0.979798	0.979798	0.979798	0.979798	0.979798	0.979798	0.979798	0.979798	0.979798	0.979798	0.979798	0.979798	0.979798	0.979798	0.979798	0.979798	0.979798	0.979798	0.979798	0.979798	0.979798	0.979798	0.979798	0.979688	0.979518	0.979349	0.979179	0.979010	0.978840	0.978671	0.978501	0.978332	0.978162	0.977993
0.979798	0.979798	0.979798	0.979798	0.979798	0.979798	0.979798	0.979798	0.979798	0.979798	0.979798	0.979798	0.979798	0.979798	0.979798	0.979798	0.979798	0.979798	0.979798	0.979798	0.979798	0.979798	0.979798	0.979798	0.979798	0.979798	0.979798	0.979798	0.979798	0.979798	0.979798	0.979798	0.979798	0.979798	0.979798	0.979798	0.979798	0.979798	0.979798	0.979798	0.979798	0.979798	0.979798	0.979798	0.979798	0.979798	0.979798	0.979798	0.979798	0.979798	0.979798	0.979798	0.979798	0.979798	0.979798	0.979798	0.979798	0.979798	0.979798	0.979798	0.979798	0.979798	0.979798	0.979798	0.979798	0.979798	0.979798	0.979798	0.979798	0.979798	0.979798	0.979798	0.979798	0.979798	0.979798	0.979798	0.979798	0.979798	0.979798	0.979798	0.979798	0.979798	0.979798	0.979798	0.979798	0.979798	0.979798	0.979798	0.979798	0.979798	0.979798	0.979798	0.979798	0.979798	0.979798	0.979798	0.979798	0.979798	0.979798	0.979798	0.979798	0.979798	0.979798	0.979798	0.979798	0.979798	0.979798	0.979798	0.979798	0.979798	0.979798	0.979798	0.979798	0.979798	0.979798	0.979798	0.979798	0.979798	0.979798	0.979688	0.979518	0.979349	0.979179	0.979010	0.978840	0.978671	0.978501	0.978332	0.978162	0.977993
0.979798	0.979798	0.979798	0.979798	0.979798	0.979798	0.979798	0.979798	0.979798	0.979798	0.979798	0.979798	0.979798	0.979798	0.979798	0.979798	0.979798	0.979798	0.979798	0.979798	0.979798	0.979798	0.979798	0.979798	0.979798	0.979798	0.979798	0.979798	0.979798	0.979798	0.979798	0.979798	0.979798	0.979798	0.979798	0.979798	0.979798	0.979798	0.979798	0.979798	0.979798	0.979798	0.979798	0.979798	0.979798	0.979798	0.979798	0.979798	0.979798	0.979798	0.979798	0.979798	0.979798	0.979798	0.979798	0.979798	0.979798	0.979798	0.979798	0.979798	0.979798	0.979798	0.979798	0.979798	0.979798	0.979798	0.979798	0.979798	0.979798	0.979798	0.979798	0.979798	0.979798	0.979798	0.979798	0.979798	0.979798	0.979798	0.979798	0.979798	0.979798	0.979798	0.979798	0.979798	0.979798	0.979798	0.979798	0.979798	0.979798	0.979798	0.979798	0.979798	0.979798	0.979798	0.979798	0.979798	0.979798	0.979798	0.979798	0.979798	0.979798	0.979798	0.979798	0.979798	0.979798	0.979798	0.979798	0.979798	0.979798	0.979798	0.979798	0.979798	0.979798	0.979798	0.979798	0.979798	0.979798	0.979798	0.979798	0.979798	0.979798	0.979798	0.979688	0.979518	0.979349	0.979179	0.979010	0.978840	0.978671	0.978501	0.978332	0.978162	0.977993
0.979798	0.979798	0.979798	0.979798	0.979798	0.979798	0.979798	0.979798	0.979798	0.979798	0.979798	0.979798	0.979798	0.979798	0.979798	0.979798	0.979798	0.979798	0.979798	0.979798	0.979798	0.979798	0.979798	0.979798	0.979798	0.979798	0.979798	0.979798	0.979798	0.979798	0.979798	0.979798	0.979798	0.979798	0.979798	0.979798	0.979798	0.979798	0.979798	0.979798	0.979798	0.979798	0.979798	0.979798	0.979798	0.979798	0.979798	0.979798	0.979798	0.979798	0.979798	0.979798	0.979798	0.979798	0.979798	0.979798	0.979798	0.979798	0.979798	0.979798	0.979798	0.979798	0.979798	0.979798	0.979798	0.979798	0.979798	0.979798	0.979798	0.979798	0.979798	0.979798	0.979798	0.979798	0.979798	0.979798	0.979798	0.979798	0.979798	0.979798	0.979798	0.979798	0.979798	0.979798	0.979798	0.979798	0.979798	0.979798	0.979798	0.979798	0.979798	0.979798	0.979798	0.979798	0.979798	0.979798	0.979798	0.979798	0.979798	0.979798	0.979798	0.979798	0.979798	0.979798	0.979798	0.979798	0.979798	0.979798	0.979798	0.979798	0.979798	0.979798	0.979798	0.979798	0.979798	0.979798	0.979798	0.979798	0.979798	0.979798	0.979798	0.979798	0.979798	0.979798	0.979798	0.979688	0.979518	0.979349	0.979179	0.979010	0.978840	0.978671	0.978501	0.978332	0.978162	0.977993
0.979798	0.979798	0.979798	0.979798	0.979798	0.979798	0.979798	0.979798	0.979798	0.979798	0.979798	0.979798	0.979798	0.979798	0.979798	0.979798	0.979798	0.979798	0.979798	0.979798	0.979798	0.979798	0.979798	0.979798	0.979798	0.979798	0.979798	0.979798	0.979798	0.979798	0.979798	0.979798	0.979798	0.979798	0.979798	0.979798	0.979798	0.979798	0.979798	0.979798	0.979798	0.979798	0.979798	0.979798	0.979798	0.979798	0.979798	0.979798	0.979798	0.979798	0.979798	0.979798	0.979798	0.979798	0.979798	0.979798	0.979798	0.979798	0.979798	0.979798	0.979798	0.979798	0.979798	0.979798	0.979798	0.979798	0.979798	0.979798	0.979798	0.979798	0.979798	0.979798	0.979798	0.979798	0.979798	0.979798	0.979798	0.979798	0.979798	0.979798	0.979798	0.979798	0.979798	0.979798	0.979798	0.979798	0.979798	0.979798	0.979798	0.979798	0.979798	0.979798	0.979798	0.979798	0.979798	0.979798	0.979798	0.979798	0.979798	0.979798	0.979798	0.979798	0.979798	0.979798	0.979798	0.979798	0.979798	0.979798	0.979798	0.979798	0.979798	0.979798	0.979798	0.979798	0.979798	0.979798	0.979798	0.979798	0.979798	0.979798	0.979798	0.979798	0.979798	0.979798	0.979798	0.979798	0.979798	0.979798	0.979688	0.979518	0.979349	0.979179	0.979010	0.978840	0.978671	0.978501	0.978332	0.978162	0.977993
0.979798	0.979798	0.979798	0.979798	0.979798	0.979798	0.979798	0.979798	0.979798	0.979798	0.979798	0.979798	0.979798	0.979798	0.979798	0.979798	0.979798	0.979798	0.979798	0.979798	0.979798	0.979798	0.979798	0.979798	0.979798	0.979798	0.979798	0.979798	0.979798	0.979798	0.979798	0.979798	0.979798	0.979798	0.979798	0.979798	0.979798	0.979798	0.979798	0.979798	0.979798	0.979798	0.979798	0.979798	0.979798	0.979798	0.979798	0.979798	0.979798	0.979798	0.979798	0.979798	0.979798	0.979798	0.979798	0.979798	0.979798	0.979798	0.979798	0.979798	0.979798	0.979798	0.979798	0.979798	0.979798	0.979798	0.979798	0.979798	0.979798	0.979798	0.979798	0.979798	0.979798	0.979798	0.979798	0.979798	0.979798	0.979798	0.979798	0.979798	0.979798	0.979798	0.979798	0.979798	0.979798	0.979798	0.979798	0.979798	0.979798	0.979798	0.979798	0.979798	0.979798	0.979798	0.979798	0.979798	0.979798	0.979798	0.979798	0.979798	0.979798	0.979798	0.979798	0.979798	0.979798	0.979798	0.979798	0.979798	0.979798	0.979798	0.979798	0.979798	0.979798	0.979798	0.979798	0.979798	0.979798	0.979798	0.979798	0.979798	0.979798	0.979798	0.979798	0.979798	0.979798	0.979798	0.979798	0.979798	0.979798	0.979798	0.979798	0.979688	0.979518	0.979349	0.979179	0.979010	0.978840	0.978671	0.978501	0.978332	0.978162	0.977993
0.979798	0.979798	0.979798	0.979798	0.979798	0.979798	0.979798	0.979798	0.979798	0.979798	0.979798	0.979798	0.979798	0.979798	0.979798	0.979798	0.979798	0.979798	0.979798	0.979798	0.979798	0.979798	0.979798	0.979798	0.979798	0.979798	0.979798	0.979798	0.979798	0.979798	0.979798	0.979798	0.979798	0.979798	0.979798	0.979798	0.979798	0.979798	0.979798	0.979798	0.979798	0.979798	0.979798	0.979798	0.979798	0.979798	0.979798	0.979798	0.979798	0.979798	0.979798	0.979798	0.979798	0.979798	0.979798	0.979798	0.979798	0.979798	0.979798	0.979798	0.979798	0.979798	0.979798	0.979798	0.979798	0.979798	0.979798	0.979798	0.979798	0.979798	0.979798	0.979798	0.979798	0.979798	0.979798	0.979798	0.979798	0.979798	0.979798	0.979798	0.979798	0.979798	0.979798	0.979798	0.979798	0.979798	0.979798	0.979798	0.979798	0.979798	0.979798	0.979798	0.979798	0.979798	0.979798	0.979798	0.979798	0.979798	0.979798	0.979798	0.979798	0.979798	0.979798	0.979798	0.979798	0.979798	0.979798	0.979798	0.979798	0.979798	0.979798	0.979798	0.979798	0.979798	0.979798	0.979798	0.979798	0.979798	0.979798	0.979798	0.979798	0.979798	0.979798	0.979798	0.979798	0.979798	0.979798	0.979798	0.979798	0.979798	0.979798	0.979798	0.979798	0.979798	0.979688	0.979518	0.979349	0.979179	0.979010	0.978840	0.978671	0.978501	0.978332	0.978162	0.977993
0.979798	0.979798	0.979798	0.979798	0.979798	0.979798	0.979798	0.979798	0.979798	0.979798	0.979798	0.979798	0.979798	0.979798	0.979798	0.979798	0.979798	0.979798	0.979798	0.979798	0.979798	0.979798	0.979798	0.979798	0.979798	0.979798	0.979798	0.979798	0.979798	0.979798	0.979798	0.979798	0.979798	0.979798	0.979798	0.979798	0.979798	0.979798	0.979798	0.979798	0.979798	0.979798	0.979798	0.979798	0.979798	0.979798	0.979798	0.979798	0.979798	0.979798	0.979798	0.979798	0.979798	0.979798	0.979798	0.979798	0.979798	0.979798	0.979798	0.979798	0.979798	0.979798	0.979798	0.979798	0.979798	0.979798	0.979798	0.979798	0.979798	0.979798	0.979798	0.979798	0.979798	0.979798	0.979798	0.979798	0.979798	0.979798	0.979798	0.979798	0.979798	0.979798	0.979798	0.979798	0.979798	0.979798	0.979798	0.979798	0.979798	0.979798	0.979798	0.979798	0.979798	0.979798	0.979798	0.979798	0.979798	0.979798	0.979798	0.979798	0.979798	0.979798	0.979798	0.979798	0.979798	0.979798	0.979798	0.979798	0.979798	0.979798	0.979798	0.979798	0.979798	0.979798	0.979798	0.979798	0.979798	0.979798	0.979798	0.979798	0.979798	0.979798	0.979798	0.979798	0.979798	0.979798	0.979798	0.979798	0.979798	0.979798	0.979798	0.979798	0.979798	0.979798	0.979798	0.979798	0.979798	0.979688	0.979518	0.979349	0.979179	0.979010	0.978840	0.978671	0.978501	0.978332	0.978162	0.977993
0.979798	0.979798	0.979798	0.979798	0.979798	0.979798	0.979798	0.979798	0.979798	0.979798	0.979798	0.979798	0.979798	0.979798	0.979798	0.979798	0.979798	0.979798	0.979798	0.979798	0.979798	0.979798	0.979798	0.979798	0.979798	0.979798	0.979798	0.979798	0.979798	0.979798	0.979798	0.979798	0.979798	0.979798	0.979798	0.979798	0.979798	0.979798	0.979798	0.979798	0.979798	0.979798	0.979798	0.979798	0.979798	0.979798	0.979798	0.979798	0.979798	0.979798	0.979798	0.979798	0.979798	0.979798	0.979798	0.979798	0.979798	0.979798	0.979798	0.979798	0.979798	0.979798	0.979798	0.979798	0.979798	0.979798	0.979798	0.979798	0.979798	0.979798	0.979798	0.979798	0.979798	0.979798	0.979798	0.979798	0.979798	0.979798	0.979798	0.979798	0.979798	0.979798	0.979798	0.979798	0.979798	0.979798	0.979798	0.979798	0.979798	0.979798	0.979798	0.979798	0.979798	0.979798	0.979798	0.979798	0.979798	0.979798	0.979798	0.979798	0.979798	0.979798	0.979798	0.979798	0.979798	0.979798	0.979798	0.979798	0.979798	0.979798	0.979798	0.979798	0.979798	0.979798	0.979798	0.979798	0.979798	0.979798	0.979798	0.979798	0.979798	0.979798	0.979798	0.979798	0.979798	0.979798	0.979798	0.979798	0.979798	0.979798	0.979798	0.979798	0.979798	0.979798	0.979798	0.979798	0.979798	0.979798	0.979798	0.979798	0.979688	0.979518	0.979349	0.979179	0.979010	0.978840	0.978671	0.978501	0.978332	0.978162	0.977993
0.979798	0.979798	0.979798	0.979798	0.979798	0.979798	0.979798	0.979798	0.979798	0.979798	0.979798	0.979798	0.979798	0.979798	0.979798	0.979798	0.979798	0.979798	0.979798	0.979798	0.979798	0.979798	0.979798	0.979798	0.979798	0.979798	0.979798	0.979798	0.979798	0.979798	0.979798	0.979798	0.979798	0.979798	0.979798	0.979798	0.979798	0.979798	0.979798	0.979798	0.979798	0.979798	0.979798	0.979798	0.979798	0.979798	0.979798	0.979798	0.979798	0.979798	0.979798	0.979798	0.979798	0.979798	0.979798	0.979798	0.979798	0.979798	0.979798	0.979798	0.979798	0.979798	0.979798	0.979798	0.979798	0.979798	0.979798	0.979798	0.979798	0.979798	0.979798	0.979798	0.979798	0.979798	0.979798	0.979798	0.979798	0.979798	0.979798	0.979798	0.979798	0.979798	0.979798	0.979798	0.979798	0.979798	0.979798	0.979798	0.979798	0.979798	0.979798	0.979798	0.979798	0.979798	0.979798	0.979798	0.979798	0.979798	0.979798	0.979798	0.979798	0.979798	0.979798	0.979798	0.979798	0.979798	0.979798	0.979798	0.979798	0.979798	0.979798	0.979798	0.979798	0.979798	0.979798	0.979798	0.979798	0.979798	0.979798	0.979798	0.979798	0.979798	0.979798	0.979798	0.979798	0.979798	0.979798	0.979798	0.979798	0.979798	0.979798	0.979798	0.979798	0.979798	0.979798	0.979798	0.979798	0.979798	0.979798	0.979798	0.979798	0.979798	0.979798	0.979688	0.979518	0.979349	0.979179	0.979010	0.978840	0.978671	0.978501	0.978332	0.978162	0.977993
0.979798	0.979798	0.979798	0.979798	0.979798	0.979798	0.979798	0.979798	0.979798	0.979798	0.979798	0.979798	0.979798	0.979798	0.979798	0.979798	0.979798	0.979798	0.979798	0.979798	0.979798	0.979798	0.979798	0.979798	0.979798	0.979798	0.979798	0.979798	0.979798	0.979798	0.979798	0.979798	0.979798	0.979798	0.979798	0.979798	0.979798	0.979798	0.979798	0.979798	0.979798	0.979798	0.979798	0.979798	0.979798	0.979798	0.979798	0.979798	0.979798	0.979798	0.979798	0.979798	0.979798	0.979798	0.979798	0.979798	0.979798	0.979798	0.979798	0.979798	0.979798	0.979798	0.979798	0.979798	0.979798	0.979798	0.979798	0.979798	0.979798	0.979798	0.979798	0.979798	0.979798	0.979798	0.979798	0.979798	0.979798	0.979798	0.979798	0.979798	0.979798	0.979798	0.979798	0.979798	0.979798	0.979798	0.979798	0.979798	0.979798	0.979798	0.979798	0.979798	0.979798	0.979798	0.979798	0.979798	0.979798	0.979798	0.979798	0.979798	0.979798	0.979798	0.979798	0.979798	0.979798	0.979798	0.979798	0.979798	0.979798	0.979798	0.979798	0.979798	0.979798	0.979798	0.979798	0.979798	0.979798	0.979798	0.979798	0.979798	0.979798	0.979798	0.979798	0.979798	0.979798	0.979798	0.979798	0.979798	0.979798	0.979798	0.979798	0.979798	0.979798	0.979798	0.979798	0.979798	0.979798	0.979798	0.979798	0.979798	0.979798	0.979798	0.979798	0.979798	0.979798	0.979798	0.979688	0.979518	0.979349	0.979179	0.979010	0.978840	0.978671	0.978501	0.978332	0.978162	0.977993
0.979798	0.979798	0.979798	0.979798	0.979798	0.979798	0.979798	0.979798	0.979798	0.979798	0.979798	0.979798	0.979798	0.979798	0.979798	0.979798	0.979798	0.979798	0.979798	0.979798	0.979798	0.979798	0.979798	0.979798	0.979798	0.979798	0.979798	0.979798	0.979798	0.979798	0.979798	0.979798	0.979798	0.979798	0.979798	0.979798	0.979798	0.979798	0.979798	0.979798	0.979798	0.979798	0.979798	0.979798	0.979798	0.979798	0.979798	0.979798	0.979798	0.979798	0.979798	0.979798	0.979798	0.979798	0.979798	0.979798	0.979798	0.979798	0.979798	0.979798	0.979798	0.979798	0.979798	0.979798	0.979798	0.979798	0.979798	0.979798	0.979798	0.979798	0.979798	0.979798	0.979798	0.979798	0.979798	0.979798	0.979798	0.979798	0.979798	0.979798	0.979798	0.979798	0.979798	0.979798	0.979798	0.979798	0.979798	0.979798	0.979798	0.979798	0.979798	0.979798	0.979798	0.979798	0.979798	0.979798	0.979798	0.979798	0.979798	0.979798	0.979798	0.979798	0.979798	0.979798	0.979798	0.979798	0.979798	0.979798	0.979798	0.979798	0.979798	0.979798	0.979798	0.979798	0.979798	0.979798	0.979798	0.979798	0.979798	0.979798	0.979798	0.979798	0.979798	0.979798	0.979798	0.979798	0.979798	0.979798	0.979798	0.979798	0.979798	0.979798	0.979798	0.979798	0.979798	0.979798	0.979798	0.979798	0.979798	0.979798	0.979798	0.979798	0.979798	0.979798	0.979798	0.979798	0.979798	0.979798	0.979798	0.979688	0.979518	0.979349	0.979179	0.979010	0.978840	0.978671	0.978501	0.978332	0.978162	0.977993
0.979798	0.979798	0.979798	0.979798	0.979798	0.979798	0.979798	0.979798	0.979798	0.979798	0.979798	0.979798	0.979798	0.979798	0.979798	0.979798	0.979798	0.979798	0.979798	0.979798	0.979798	0.979798	0.979798	0.979798	0.979798	0.979798	0.979798	0.979798	0.979798	0.979798	0.979798	0.979798	0.979798	0.979798	0.979798	0.979798	0.979798	0.979798	0.979798	0.979798	0.979798	0.979798	0.979798	0.979798	0.979798	0.979798	0.979798	0.979798	0.979798	0.979798	0.979798	0.979798	0.979798	0.979798	0.979798	0.979798	0.979798	0.979798	0.979798	0.979798	0.979798	0.979798	0.979798	0.979798	0.979798	0.979798	0.979798	0.979798	0.979798	0.979798	0.979798	0.979798	0.979798	0.979798	0.979798	0.979798	0.979798	0.979798	0.979798	0.979798	0.979798	0.979798	0.979798	0.979798	0.979798	0.979798	0.979798	0.979798	0.979798	0.979798	0.979798	0.979798	0.979798	0.979798	0.979798	0.979798	0.979798	0.979798	0.979798	0.979798	0.979798	0.979798	0.979798	0.979798	0.979798	0.979798	0.979798	0.979798	0.979798	0.979798	0.979798	0.979798	0.979798	0.979798	0.979798	0.979798	0.979798	0.979798	0.979798	0.979798	0.979798	0.979798	0.979798	0.979798	0.979798	0.979798	0.979798	0.979798	0.979798	0.979798	0.979798	0.979798	0.979798	0.979798	0.979798	0.979798	0.979798	0.979798	0.979798	0.979798	0.979798	0.979798	0.979798	0.979798	0.979798	0.979798	0.979798	0.979798	0.979798	0.979798	0.979798	0.979688	0.979518	0.979349	0.979179	0.979010	0.978840	0.978671	0.978501	0.978332	0.978162	0.977993
0.979798	0.979798	0.979798	0.979798	0.979798	0.979798	0.979798	0.979798	0.979798	0.979798	0.979798	0.979798	0.979798	0.979798	0.979798	0.979798	0.979798	0.979798	0.979798	0.979798	0.979798	0.979798	0.979798	0.979798	0.979798	0.979798	0.979798	0.979798	0.979798	0.979798	0.979798	0.979798	0.979798	0.979798	0.979798	0.979798	0.979798	0.979798	0.979798	0.979798	0.979798	0.979798	0.979798	0.979798	0.979798	0.979798	0.979798	0.979798	0.979798	0.979798	0.979798	0.979798	0.979798	0.979798	0.979798	0.979798	0.979798	0.979798	0.979798	0.979798	0.979798	0.979798	0.979798	0.979798	0.979798	0.979798	0.979798	0.979798	0.979798	0.979798	0.979798	0.979798	0.979798	0.979798	0.979798	0.979798	0.979798	0.979798	0.979798	0.979798	0.979798	0.979798	0.979798	0.979798	0.979798	0.979798	0.979798	0.979798	0.979798	0.979798	0.979798	0.979798	0.979798	0.979798	0.979798	0.979798	0.979798	0.979798	0.979798	0.979798	0.979798	0.979798	0.979798	0.979798	0.979798	0.979798	0.979798	0.979798	0.979798	0.979798	0.979798	0.979798	0.979798	0.979798	0.979798	0.979798	0.979798	0.979798	0.979798	0.979798	0.979798	0.979798	0.979798	0.979798	0.979798	0.979798	0.979798	0.979798	0.979798	0.979798	0.979798	0.979798	0.979798	0.979798	0.979798	0.979798	0.979798	0.979798	0.979798	0.979798	0.979798	0.979798	0.979798	0.979798	0.979798	0.979798	0.979798	0.979798	0.979798	0.979798	0.979798	0.979798	0.979688	0.979518	0.979349	0.979179	0.979010	0.978840	0.978671	0.978501	0.978332	0.978162	0.977993
0.979798	0.979798	0.979798	0.979798	0.979798	0.979798	0.979798	0.979798	0.979798	0.979798	0.979798	0.979798	0.979798	0.979798	0.979798	0.979798	0.979798	0.979798	0.979798	0.979798	0.979798	0.979798	0.979798	0.979798	0.979798	0.979798	0.979798	0.979798	0.979798	0.979798	0.979798	0.979798	0.979798	0.979798	0.979798	0.979798	0.979798	0.979798	0.979798	0.979798	0.979798	0.979798	0.979798	0.979798	0.979798	0.979798	0.979798	0.979798	0.979798	0.979798	0.979798	0.979798	0.979798	0.979798	0.979798	0.979798	0.979798	0.979798	0.979798	0.979798	0.979798	0.979798	0.979798	0.979798	0.979798	0.979798	0.979798	0.979798	0.979798	0.979798	0.979798	0.979798	0.979798	0.979798	0.979798	0.979798	0.979798	0.979798	0.979798	0.979798	0.979798	0.979798	0.979798	0.979798	0.979798	0.979798	0.979798	0.979798	0.979798	0.979798	0.979798	0.979798	0.979798	0.979798	0.979798	0.979798	0.979798	0.979798	0.979798	0.979798	0.979798	0.979798	0.979798	0.979798	0.979798	0.979798	0.979798	0.979798	0.979798	0.979798	0.979798	0.979798	0.979798	0.979798	0.979798	0.979798	0.979798	0.979798	0.979798	0.979798	0.979798	0.979798	0.979798	0.979798	0.979798	0.979798	0.979798	0.979798	0.979798	0.979798	0.979798	0.979798	0.979798	0.979798	0.979798	0.979798	0.979798	0.979798	0.979798	0.979798	0.979798	0.979798	0.979798	0.979798	0.979798	0.979798	0.979798	0.979798	0.979798	0.979798	0.979798	0.979798	0.979798	0.979688	0.979518	0.979349	0.979179	0.979010	0.978840	0.978671	0.978501	0.978332	0.978162	0.977993
0.979041	0.979083	0.979798	0.979798	0.979798	0.979798	0.979798	0.979798	0.979798	0.979798	0.979798	0.979798	0.979798	0.979798	0.979798	0.979798	0.979798	0.979798	0.979798	0.979798	0.979798	0.979798	0.979798	0.979798	0.979798	0.979798	0.979798	0.979798	0.979798	0.979798	0.979798	0.979798	0.979798	0.979798	0.979798	0.979798	0.979798	0.979798	0.979798	0.979798	0.979798	0.979798	0.979798	0.979798	0.979798	0.979798	0.979798	0.979798	0.979798	0.979798	0.979798	0.979798	0.979798	0.979798	0.979798	0.979798	0.979798	0.979798	0.979798	0.979798	0.979798	0.979798	0.979798	0.979798	0.979798	0.979798	0.979798	0.979798	0.979798	0.979798	0.979798	0.979798	0.979798	0.979798	0.979798	0.979798	0.979798	0.979798	0.979798	0.979798	0.979798	0.979798	0.979798	0.979798	0.979798	0.979798	0.979798	0.979798	0.979798	0.979798	0.979798	0.979798	0.979798	0.979798	0.979798	0.979798	0.979798	0.979798	0.979798	0.979798	0.979798	0.979798	0.979798	0.979798	0.979798	0.979798	0.979798	0.979798	0.979798	0.979798	0.979798	0.979798	0.979798	0.979798	0.979798	0.979798	0.979798	0.979798	0.979798	0.979798	0.979798	0.979798	0.979798	0.979798	0.979798	0.979798	0.979798	0.979798	0.979798	0.979798	0.979798	0.979798	0.979798	0.979798	0.979798	0.979798	0.979798	0.979798	0.979798	0.979798	0.979798	0.979798	0.979798	0.979798	0.979798	0.979798	0.979798	0.979798	0.979798	0.979798	0.979798	0.979798	0.979798	0.979798	0.979798	0.979798	0.979688	0.979518	0.979349	0.979179	0.979010	0.978840	0.978671	0.978501	0.978332	0.978162	0.977993
0.979052	0.979094	0.979136	0.979178	0.979798	0.979798	0.979798	0.979798	0.979798	0.979798	0.979798	0.979798	0.979798	0.979798	0.979798	0.979798	0.979798	0.979798	0.979798	0.979798	0.979798	0.979798	0.979798	0.979798	0.979798	0.979798	0.979798	0.979798	0.979798	0.979798	0.979798	0.979798	0.979798	0.979798	0.979798	0.979798	0.979798	0.979798	0.979798	0.979798	0.979798	0.979798	0.979798	0.979798	0.979798	0.979798	0.979798	0.979798	0.979798	0.979798	0.979798	0.979798	0.979798	0.979798	0.979798	0.979798	0.979798	0.979798	0.979798	0.979798	0.979798	0.979798	0.979798	0.979798	0.979798	0.979798	0.979798	0.979798	0.979798	0.979798	0.979798	0.979798	0.979798	0.979798	0.979798	0.979798	0.979798	0.979798	0.979798	0.979798	0.979798	0.979798	0.979798	0.979798	0.979798	0.979798	0.979798	0.979798	0.979798	0.979798	0.979798	0.979798	0.979798	0.979798	0.979798	0.979798	0.979798	0.979798	0.979798	0.979798	0.979798	0.979798	0.979798	0.979798	0.979798	0.979798	0.979798	0.979798	0.979798	0.979798	0.979798	0.979798	0.979798	0.979798	0.979798	0.979798	0.979798	0.979798	0.979798	0.979798	0.979798	0.979798	0.979798	0.979798	0.979798	0.979798	0.979798	0.979798	0.979798	0.979798	0.979798	0.979798	0.979798	0.979798	0.979798	0.979798	0.979798	0.979798	0.979798	0.979798	0.979798	0.979798	0.979798	0.979798	0.979798	0.979798	0.979798	0.979798	0.979798	0.979798	0.979798	0.979798	0.979798	0.979798	0.979798	0.979798	0.979798	0.979798	0.979798	0.979688	0.979518	0.979349	0.979179	0.979010	0.978840	0.978671	0.978501	0.978332	0.978162	0.977993
0.979063	0.977637	0.977722	0.979189	0.979232	0.979274	0.979798	0.979798	0.979798	0.979798	0.979798	0.979798	0.979798	0.979798	0.979798	0.979798	0.979798	0.979798	0.979798	0.979798	0.979798	0.979798	0.979798	0.979798	0.979798	0.979798	0.979798	0.979798	0.979798	0.979798	0.979798	0.979798	0.979798	0.979798	0.979798	0.979798	0.979798	0.979798	0.979798	0.979798	0.979798	0.979798	0.979798	0.979798	0.979798	0.979798	0.979798	0.979798	0.979798	0.979798	0.979798	0.979798	0.979798	0.979798	0.979798	0.979798	0.979798	0.979798	0.979798	0.979798	0.979798	0.979798	0.979798	0.979798	0.979798	0.979798	0.979798	0.979798	0.979798	0.979798	0.979798	0.979798	0.979798	0.979798	0.979798	0.979798	0.979798	0.979798	0.979798	0.979798	0.979798	0.979798	0.979798	0.979798	0.979798	0.979798	0.979798	0.979798	0.979798	0.979798	0.979798	0.979798	0.979798	0.979798	0.979798	0.979798	0.979798	0.979798	0.979798	0.979798	0.979798	0.979798	0.979798	0.979798	0.979798	0.979798	0.979798	0.979798	0.979798	0.979798	0.979798	0.979798	0.979798	0.979798	0.979798	0.979798	0.979798	0.979798	0.979798	0.979798	0.979798	0.979798	0.979798	0.979798	0.979798	0.979798	0.979798	0.979798	0.979798	0.979798	0.979798	0.979798	0.979798	0.979798	0.979798	0.979798	0.979798	0.979798	0.979798	0.979798	0.979798	0.979798	0.979798	0.979798	0.979798	0.979798	0.979798	0.979798	0.979798	0.979798	0.979798	0.979798	0.979798	0.979798	0.979798	0.979798	0.979798	0.979798	0.979798	0.979798	0.979798	0.979798	0.979688	0.979518	0.979349	0.979179	0.979010	0.978840	0.978671	0.978501	0.978332	0.978162	0.977993
0.979116	0.977774	0.977860	0.977945	0.978030	0.979327	0.979369	0.979411	0.979798	0.979798	0.979798	0.979798	0.979798	0.979798	0.979798	0.979798	0.979798	0.979798	0.979798	0.979798	0.979798	0.979798	0.979798	0.979798	0.979798	0.979798	0.979798	0.979798	0.979798	0.979798	0.979798	0.979798	0.979798	0.979798	0.979798	0.979798	0.979798	0.979798	0.979798	0.979798	0.979798	0.979798	0.979798	0.979798	0.979798	0.979798	0.979798	0.979798	0.979798	0.979798	0.979798	0.979798	0.979798	0.979798	0.979798	0.979798	0.979798	0.979798	0.979798	0.979798	0.979798	0.979798	0.979798	0.979798	0.979798	0.979798	0.979798	0.979798	0.979798	0.979798	0.979798	0.979798	0.979798	0.979798	0.979798	0.979798	0.979798	0.979798	0.979798	0.979798	0.979798	0.979798	0.979798	0.979798	0.979798	0.979798	0.979798	0.979798	0.979798	0.979798	0.979798	0.979798	0.979798	0.979798	0.979798	0.979798	0.979798	0.979798	0.979798	0.979798	0.979798	0.979798	0.979798	0.979798	0.979798	0.979798	0.979798	0.979798	0.979798	0.979798	0.979798	0.979798	0.979798	0.979798	0.979798	0.979798	0.979798	0.979798	0.979798	0.979798	0.979798	0.979798	0.979798	0.979798	0.979798	0.979798	0.979798	0.979798	0.979798	0.979798	0.979798	0.979798	0.979798	0.979798	0.979798	0.979798	0.979798	0.979798	0.979798	0.979798	0.979798	0.979798	0.979798	0.979798	0.979798	0.979798	0.979798	0.979798	0.979798	0.979798	0.979798	0.979798	0.979798	0.979798	0.979798	0.979798	0.979798	0.979798	0.979798	0.979798	0.979798	0.979798	0.979798	0.979798	0.979798	0.979688	0.979518	0.979349	0.979179	0.979010	0.978840	0.978671	0.978501	0.978332	0.978162	0.977993
0.979127	0.977827	0.977912	0.977997	0.978083	0.978168	0.978253	0.978338	0.979464	0.979506	0.979798	0.979798	0.979798	0.979798	0.979798	0.979798	0.979798	0.979798	0.977307	0.977473	0.979798	0.979798	0.979798	0.979798	0.979798	0.979798	0.979798	0.979798	0.979798	0.979798	0.979798	0.979798	0.979798	0.979798	0.979798	0.979798	0.979798	0.979798	0.979798	0.979798	0.979798	0.979798	0.979798	0.979798	0.979798	0.979798	0.979798	0.979798	0.979798	0.979798	0.979798	0.979798	0.979798	0.979798	0.979798	0.979798	0.979798	0.979798	0.979798	0.979798	0.979798	0.979798	0.979798	0.979798	0.979798	0.979798	0.979798	0.979798	0.979798	0.979798	0.979798	0.979798	0.979798	0.979798	0.979798	0.979798	0.979798	0.979798	0.979798	0.979798	0.979798	0.979798	0.979798	0.979798	0.979798	0.979798	0.979798	0.979798	0.979798	0.979798	0.979798	0.979798	0.979798	0.979798	0.979798	0.979798	0.979798	0.979798	0.979798	0.979798	0.979798	0.979798	0.979798	0.979798	0.979798	0.979798	0.979798	0.979798	0.979798	0.979798	0.979798	0.979798	0.979798	0.979798	0.979798	0.979798	0.979798	0.979798	0.979798	0.979798	0.979798	0.979798	0.979798	0.979798	0.979798	0.979798	0.979798	0.979798	0.979798	0.979798	0.979798	0.979798	0.979798	0.979798	0.979798	0.979798	0.979798	0.979798	0.979798	0.979798	0.979798	0.979798	0.979798	0.979798	0.979798	0.979798	0.979798	0.979798	0.979798	0.979798	0.979798	0.979798	0.979798	0.979798	0.979798	0.979798	0.979798	0.979798	0.979798	0.979798	0.979798	0.979798	0.979798	0.979798	0.979798	0.979798	0.979798	0.979798	0.979688	0.979518	0.979349	0.979179	0.979010	0.978840	0.978671	0.978501	0.978332	0.978162	0.977993
0.979180	0.977964	0.978050	0.978135	0.978220	0.978305	0.978391	0.978476	0.978561	0.978646	0.979601	0.979643	0.979798	0.979798	0.979798	0.979798	0.977307	0.977473	0.977639	0.979798	0.979798	0.979798	0.979798	0.979798	0.979798	0.979798	0.979798	0.979798	0.979798	0.979798	0.979798	0.979798	0.979798	0.979798	0.979798	0.979798	0.979798	0.979798	0.979798	0.979798	0.979798	0.979798	0.979798	0.979798	0.979798	0.979798	0.979798	0.979798	0.979798	0.979798	0.979798	0.979798	0.979798	0.979798	0.979798	0.979798	0.979798	0.979798	0.979798	0.979798	0.979798	0.979798	0.979798	0.979798	0.979798	0.979798	0.979798	0.979798	0.979798	0.979798	0.979798	0.979798	0.979798	0.979798	0.979798	0.979798	0.979798	0.979798	0.979798	0.979798	0.979798	0.979798	0.979798	0.979798	0.979798	0.979798	0.979798	0.979798	0.979798	0.979798	0.979798	0.979798	0.979798	0.979798	0.979798	0.979798	0.979798	0.979798	0.979798	0.979798	0.979798	0.979798	0.979798	0.979798	0.979798	0.979798	0.979798	0.979798	0.979798	0.979798	0.979798	0.979798	0.979798	0.979798	0.979798	0.979798	0.979798	0.979798	0.979798	0.979798	0.979798	0.979798	0.979798	0.979798	0.979798	0.979798	0.979798	0.979798	0.979798	0.979798	0.979798	0.979798	0.979798	0.979798	0.979798	0.979798	0.979798	0.979798	0.979798	0.979798	0.979798	0.979798	0.979798	0.979798	0.979798	0.979798	0.979798	0.979798	0.979798	0.979798	0.979798	0.979798	0.979798	0.979798	0.979798	0.979798	0.979798	0.979798	0.979798	0.979798	0.979798	0.979798	0.979798	0.979798	0.979798	0.979798	0.979798	0.979798	0.979688	0.979518	0.979349	0.979179	0.979010	0.978840	0.978671	0.978501	0.978332	0.978162	0.977993
0.979191	0.978017	0.978102	0.978187	0.978272	0.978358	0.978443	0.978528	0.978613	0.978699	0.978784	0.978869	0.978954	0.979739	0.979798	0.979798	0.977473	0.977639	0.977805	0.977971	0.979798	0.979798	0.979798	0.979798	0.979798	0.979798	0.979798	0.979798	0.979798	0.979798	0.979798	0.979798	0.979798	0.979798	0.979798	0.979798	0.979798	0.979798	0.979798	0.979798	0.979798	0.979798	0.979798	0.979798	0.979798	0.979798	0.979798	0.979798	0.979798	0.979798	0.979798	0.979798	0.979798	0.979798	0.979798	0.979798	0.979798	0.979798	0.979798	0.979798	0.979798	0.979798	0.979798	0.979798	0.979798	0.979798	0.979798	0.979798	0.979798	0.979798	0.979798	0.979798	0.979798	0.979798	0.979798	0.979798	0.979798	0.979798	0.979798	0.979798	0.979798	0.979798	0.979798	0.979798	0.979798	0.979798	0.979798	0.979798	0.979798	0.979798	0.979798	0.979798	0.979798	0.979798	0.979798	0.979798	0.979798	0.979798	0.979798	0.979798	0.979798	0.979798	0.979798	0.979798	0.979798	0.979798	0.979798	0.979798	0.979798	0.979798	0.979798	0.979798	0.979798	0.979798	0.979798	0.979798	0.979798	0.979798	0.979798	0.979798	0.979798	0.979798	0.979798	0.979798	0.979798	0.979798	0.979798	0.979798	0.979798	0.979798	0.979798	0.979798	0.979798	0.979798	0.979798	0.979798	0.979798	0.979798	0.979798	0.979798	0.979798	0.979798	0.979798	0.979798	0.979798	0.979798	0.979798	0.979798	0.979798	0.979798	0.979798	0.979798	0.979798	0.979798	0.979798	0.979798	0.979798	0.979798	0.979798	0.979798	0.979798	0.979798	0.979798	0.979798	0.979798	0.979798	0.979798	0.979798	0.979798	0.979688	0.979518	0.979349	0.979179	0.979010	0.978840	0.978671	0.978501	0.978332	0.978162	0.977993
0.978069	0.978154	0.978240	0.978325	0.978410	0.978495	0.978581	0.978666	0.978751	0.978836	0.978922	0.979007	0.979092	0.979177	0.979263	0.977639	0.977805	0.977971	0.978137	0.978303	0.979798	0.979798	0.979798	0.979798	0.979798	0.979798	0.979798	0.979798	0.979798	0.979798	0.979798	0.979798	0.979798	0.979798	0.979798	0.979798	0.979798	0.979798	0.979798	0.979798	0.979798	0.979798	0.979798	0.979798	0.979798	0.979798	0.979798	0.979798	0.979798	0.979798	0.979798	0.979798	0.979798	0.979798	0.979798	0.979798	0.979798	0.979798	0.979798	0.979798	0.979798	0.979798	0.979798	0.979798	0.979798	0.979798	0.979798	0.979798	0.979798	0.979798	0.979798	0.979798	0.979798	0.979798	0.979798	0.979798	0.979798	0.979798	0.979798	0.979798	0.979798	0.979798	0.979798	0.979798	0.979798	0.979798	0.979798	0.979798	0.979798	0.979798	0.979798	0.979798	0.979798	0.979798	0.979798	0.979798	0.979798	0.979798	0.979798	0.979798	0.979798	0.979798	0.979798	0.979798	0.979798	0.979798	0.979798	0.979798	0.979798	0.979798	0.979798	0.979798	0.979798	0.979798	0.979798	0.979798	0.979798	0.979798	0.979798	0.979798	0.979798	0.979798	0.979798	0.979798	0.979798	0.979798	0.979798	0.979798	0.979798	0.979798	0.979798	0.979798	0.979798	0.979798	0.979798	0.979798	0.979798	0.979798	0.979798	0.979798	0.979798	0.979798	0.979798	0.979798	0.979798	0.979798	0.979798	0.979798	0.979798	0.979798	0.979798	0.979798	0.979798	0.979798	0.979798	0.979798	0.979798	0.979798	0.979798	0.979798	0.979798	0.979798	0.979798	0.979798	0.979798	0.979798	0.979798	0.979798	0.979798	0.979688	0.979518	0.979349	0.979179	0.979010	0.978840	0.978671	0.978501	0.978332	0.978162	0.977993
0.979254	0.978207	0.978292	0.978377	0.978462	0.978548	0.978633	0.978718	0.978803	0.978889	0.978974	0.979059	0.979144	0.979230	0.977639	0.977805	0.977971	0.978137	0.978303	0.978469	0.978635	0.979798	0.979798	0.979798	0.979798	0.979798	0.979798	0.979798	0.979798	0.979798	0.979798	0.979798	0.979798	0.979798	0.979798	0.979798	0.979798	0.979798	0.979798	0.979798	0.979798	0.979798	0.979798	0.979798	0.979798	0.979798	0.979798	0.979798	0.979798	0.979798	0.979798	0.979798	0.979798	0.979798	0.979798	0.979798	0.979798	0.979798	0.979798	0.979798	0.979798	0.979798	0.979798	0.979798	0.979798	0.979798	0.979798	0.979798	0.979798	0.979798	0.979798	0.979798	0.979798	0.979798	0.979798	0.979798	0.979798	0.979798	0.979798	0.979798	0.979798	0.979798	0.979798	0.979798	0.979798	0.979798	0.979798	0.979798	0.979798	0.979798	0.979798	0.979798	0.979798	0.979798	0.979798	0.979798	0.979798	0.979798	0.979798	0.979798	0.979798	0.979798	0.979798	0.979798	0.979798	0.979798	0.979798	0.979798	0.979798	0.979798	0.979798	0.979798	0.979798	0.979798	0.979798	0.979798	0.979798	0.979798	0.979798	0.979798	0.979798	0.979798	0.979798	0.979798	0.979798	0.979798	0.979798	0.979798	0.979798	0.979798	0.979798	0.979798	0.979798	0.979798	0.979798	0.979798	0.979798	0.979798	0.979798	0.979798	0.979798	0.979798	0.979798	0.979798	0.979798	0.979798	0.979798	0.979798	0.979798	0.979798	0.979798	0.979798	0.979798	0.979798	0.979798	0.979798	0.979798	0.979798	0.979798	0.979798	0.979798	0.979798	0.979798	0.979798	0.979798	0.979798	0.979798	0.979798	0.979798	0.979798	0.979688	0.979518	0.979349	0.979179	0.979010	0.978840	0.978671	0.978501	0.978332	0.978162	0.977993
0.979265	0.978259	0.978344	0.978430	0.978515	0.978600	0.978685	0.978771	0.978856	0.978941	0.979026	0.979112	0.979197	0.979282	0.977805	0.977971	0.978137	0.978303	0.978469	0.978635	0.978801	0.979798	0.979798	0.979798	0.979798	0.979798	0.979798	0.979798	0.979798	0.979798	0.979798	0.979798	0.979798	0.979798	0.979798	0.979798	0.979798	0.979798	0.979798	0.979798	0.979798	0.979798	0.979798	0.979798	0.979798	0.979798	0.979798	0.979798	0.979798	0.979798	0.979798	0.979798	0.979798	0.979798	0.979798	0.979798	0.979798	0.979798	0.979798	0.979798	0.979798	0.979798	0.979798	0.979798	0.979798	0.979798	0.979798	0.979798	0.979798	0.979798	0.979798	0.979798	0.979798	0.979798	0.979798	0.979798	0.979798	0.979798	0.979798	0.979798	0.979798	0.979798	0.979798	0.979798	0.979798	0.979798	0.979798	0.979798	0.979798	0.979798	0.979798	0.979798	0.979798	0.979798	0.979798	0.979798	0.979798	0.979798	0.979798	0.979798	0.979798	0.979798	0.979798	0.979798	0.979798	0.979798	0.979798	0.979798	0.979798	0.979798	0.979798	0.979798	0.979798	0.979798	0.979798	0.979798	0.979798	0.979798	0.979798	0.979798	0.979798	0.979798	0.979798	0.979798	0.979798	0.979798	0.979798	0.979798	0.979798	0.979798	0.979798	0.979798	0.979798	0.979798	0.979798	0.979798	0.979798	0.979798	0.979798	0.979798	0.979798	0.979798	0.979798	0.979798	0.979798	0.979798	0.979798	0.979798	0.979798	0.979798	0.979798	0.979798	0.979798	0.979798	0.979798	0.979798	0.979798	0.979798	0.979798	0.979798	0.979798	0.979798	0.979798	0.979798	0.979798	0.979798	0.979798	0.979798	0.979798	0.979798	0.979798	0.979688	0.979518	0.979349	0.979179	0.979010	0.978840	0.978671	0.978501	0.978332	0.978162	0.977993
0.978311	0.978397	0.978482	0.978567	0.978652	0.978738	0.978823	0.978908	0.978993	0.979079	0.979164	0.979249	0.979334	0.977971	0.978137	0.978303	0.978469	0.978635	0.978801	0.978967	0.979134	0.979798	0.979798	0.979798	0.979798	0.979798	0.979798	0.979798	0.979798	0.979798	0.979798	0.979798	0.979798	0.979798	0.979798	0.979798	0.979798	0.979798	0.979798	0.979798	0.979798	0.979798	0.979798	0.979798	0.979798	0.979798	0.979798	0.979798	0.979798	0.979798	0.979798	0.979798	0.979798	0.979798	0.979798	0.979798	0.979798	0.979798	0.979798	0.979798	0.979798	0.979798	0.979798	0.979798	0.979798	0.979798	0.979798	0.979798	0.979798	0.979798	0.979798	0.979798	0.979798	0.979798	0.979798	0.979798	0.979798	0.979798	0.979798	0.979798	0.979798	0.979798	0.979798	0.979798	0.979798	0.979798	0.979798	0.979798	0.979798	0.979798	0.979798	0.979798	0.979798	0.979798	0.979798	0.979798	0.979798	0.979798	0.979798	0.979798	0.979798	0.979798	0.979798	0.979798	0.979798	0.979798	0.979798	0.979798	0.979798	0.979798	0.979798	0.979798	0.979798	0.979798	0.979798	0.979798	0.979798	0.979798	0.979798	0.979798	0.979798	0.979798	0.979798	0.979798	0.979798	0.979798	0.979798	0.979798	0.979798	0.979798	0.979798	0.979798	0.979798	0.979798	0.979798	0.979798	0.979798	0.979798	0.979798	0.979798	0.979798	0.979798	0.979798	0.979798	0.979798	0.979798	0.979798	0.979798	0.979798	0.979798	0.979798	0.979798	0.979798	0.979798	0.979798	0.979798	0.979798	0.979798	0.979798	0.979798	0.979798	0.979798	0.979798	0.979798	0.979798	0.979798	0.979798	0.979798	0.979798	0.979798	0.979798	0.979688	0.979518	0.979349	0.979179	0.979010	0.978840	0.978671	0.978501	0.978332	0.978162	0.977993
0.979329	0.978449	0.978534	0.978619	0.978705	0.978790	0.978875	0.978960	0.979046	0.979131	0.979216	0.979301	0.977971	0.978137	0.978303	0.978469	0.978635	0.978801	0.978967	0.979134	0.979300	0.979466	0.979798	0.979798	0.979798	0.979798	0.979798	0.979798	0.979798	0.979798	0.979798	0.979798	0.979798	0.979798	0.979798	0.979798	0.979798	0.979798	0.979798	0.979798	0.979798	0.979798	0.979798	0.979798	0.979798	0.979798	0.979798	0.979798	0.979798	0.979798	0.979798	0.979798	0.979798	0.979798	0.979798	0.979798	0.979798	0.979798	0.979798	0.979798	0.979798	0.979798	0.979798	0.979798	0.979798	0.979798	0.979798	0.979798	0.979798	0.979798	0.979798	0.979798	0.979798	0.979798	0.979798	0.979798	0.979798	0.979798	0.979798	0.979798	0.979798	0.979798	0.979798	0.979798	0.979798	0.979798	0.979798	0.979798	0.979798	0.979798	0.979798	0.979798	0.979798	0.979798	0.979798	0.979798	0.979798	0.979798	0.979798	0.979798	0.979798	0.979798	0.979798	0.979798	0.979798	0.979798	0.979798	0.979798	0.979798	0.979798	0.979798	0.979798	0.979798	0.979798	0.979798	0.979798	0.979798	0.979798	0.979798	0.979798	0.979798	0.979798	0.979798	0.979798	0.979798	0.979798	0.979798	0.979798	0.979798	0.979798	0.979798	0.979798	0.979798	0.979798	0.979798	0.979798	0.979798	0.979798	0.979798	0.979798	0.979798	0.979798	0.979798	0.979798	0.979798	0.979798	0.979798	0.979798	0.979798	0.979798	0.979798	0.979798	0.979798	0.979798	0.979798	0.979798	0.979798	0.979798	0.979798	0.979798	0.979798	0.979798	0.979798	0.979798	0.979798	0.979798	0.979798	0.979798	0.979798	0.979798	0.979798	0.979798	0.979688	0.979518	0.979349	0.979179	0.979010	0.978840	0.978671	0.978501	0.978332	0.978162	0.977993
0.978501	0.978587	0.978672	0.978757	0.978842	0.978928	0.979013	0.979098	0.979183	0.979269	0.979354	0.978137	0.978303	0.978469	0.978635	0.978801	0.978967	0.979134	0.979300	0.979466	0.979632	0.979798	0.979798	0.979798	0.979798	0.979798	0.979798	0.979798	0.979798	0.979798	0.979798	0.979798	0.979798	0.979798	0.979798	0.979798	0.979798	0.979798	0.979798	0.979798	0.979798	0.979798	0.979798	0.979798	0.979798	0.979798	0.979798	0.979798	0.979798	0.979798	0.979798	0.979798	0.979798	0.979798	0.979798	0.979798	0.979798	0.979798	0.979798	0.979798	0.979798	0.979798	0.979798	0.979798	0.979798	0.979798	0.979798	0.979798	0.979798	0.979798	0.979798	0.979798	0.979798	0.979798	0.979798	0.979798	0.979798	0.979798	0.979798	0.979798	0.979798	0.979798	0.979798	0.979798	0.979798	0.979798	0.979798	0.979798	0.979798	0.979798	0.979798	0.979798	0.979798	0.979798	0.979798	0.979798	0.979798	0.979798	0.979798	0.979798	0.979798	0.979798	0.979798	0.979798	0.979798	0.979798	0.979798	0.979798	0.979798	0.979798	0.979798	0.979798	0.979798	0.979798	0.979798	0.979798	0.979798	0.979798	0.979798	0.979798	0.979798	0.979798	0.979798	0.979798	0.979798	0.979798	0.979798	0.979798	0.979798	0.979798	0.979798	0.979798	0.979798	0.979798	0.979798	0.979798	0.979798	0.979798	0.979798	0.979798	0.979798	0.979798	0.979798	0.979798	0.979798	0.979798	0.979798	0.979798	0.979798	0.979798	0.979798	0.979798	0.979798	0.979798	0.979798	0.979798	0.979798	0.979798	0.979798	0.979798	0.979798	0.979798	0.979798	0.979798	0.979798	0.979798	0.979798	0.979798	0.979798	0.979798	0.979798	0.979798	0.979688	0.979518	0.979349	0.979179	0.979010	0.978840	0.978671	0.978501	0.978332	0.978162	0.977993
0.979393	0.978639	0.978724	0.978809	0.978895	0.978980	0.979065	0.979150	0.979236	0.979321	0.979406	0.978303	0.978469	0.978635	0.978801	0.978967	0.979134	0.979300	0.979466	0.979632	0.979798	0.979798	0.979798	0.979798	0.979798	0.979798	0.979798	0.979798	0.979798	0.979798	0.979798	0.979798	0.979798	0.979798	0.979798	0.979798	0.979798	0.979798	0.979798	0.979798	0.979798	0.979798	0.979798	0.979798	0.979798	0.979798	0.979798	0.979798	0.979798	0.979798	0.979798	0.979798	0.979798	0.979798	0.979798	0.979798	0.979798	0.979798	0.979798	0.979798	0.979798	0.979798	0.979798	0.979798	0.979798	0.979798	0.979798	0.979798	0.979798	0.979798	0.979798	0.979798	0.979798	0.979798	0.979798	0.979798	0.979798	0.979798	0.979798	0.979798	0.979798	0.979798	0.979798	0.979798	0.979798	0.979798	0.979798	0.979798	0.979798	0.979798	0.979798	0.979798	0.979798	0.979798	0.979798	0.979798	0.979798	0.979798	0.979798	0.979798	0.979798	0.979798	0.979798	0.979798	0.979798	0.979798	0.979798	0.979798	0.979798	0.979798	0.979798	0.979798	0.979798	0.979798	0.979798	0.979798	0.979798	0.979798	0.979798	0.979798	0.979798	0.979798	0.979798	0.979798	0.979798	0.979798	0.979798	0.979798	0.979798	0.979798	0.979798	0.979798	0.979798	0.979798	0.979798	0.979798	0.979798	0.979798	0.979798	0.979798	0.979798	0.979798	0.979798	0.979798	0.979798	0.979798	0.979798	0.979798	0.979798	0.979798	0.979798	0.979798	0.979798	0.979798	0.979798	0.979798	0.979798	0.979798	0.979798	0.979798	0.979798	0.979798	0.979798	0.979798	0.979798	0.979798	0.979798	0.979798	0.979798	0.979798	0.979798	0.979798	0.979798	0.979688	0.979518	0.979349	0.979179	0.979010	0.978840	0.978671	0.978501	0.978332	0.978162	0.977993
0.978691	0.978777	0.978862	0.978947	0.979032	0.979118	0.979203	0.979288	0.979373	0.978303	0.978469	0.978635	0.978801	0.978968	0.979134	0.979300	0.979466	0.979632	0.979798	0.979798	0.979798	0.979798	0.979798	0.979798	0.979798	0.979798	0.979798	0.979798	0.979798	0.979798	0.979798	0.979798	0.979798	0.979798	0.979798	0.979798	0.979798	0.979798	0.979798	0.979798	0.979798	0.979798	0.979798	0.979798	0.979798	0.979798	0.979798	0.979798	0.979798	0.979798	0.979798	0.979798	0.979798	0.979798	0.979798	0.979798	0.979798	0.979798	0.979798	0.979798	0.979798	0.979798	0.979798	0.979798	0.979798	0.979798	0.979798	0.979798	0.979798	0.979798	0.979798	0.979798	0.979798	0.979798	0.979798	0.979798	0.979798	0.979798	0.979798	0.979798	0.979798	0.979798	0.979798	0.979798	0.979798	0.979798	0.979798	0.979798	0.979798	0.979798	0.979798	0.979798	0.979798	0.979798	0.979798	0.979798	0.979798	0.979798	0.979798	0.979798	0.979798	0.979798	0.979798	0.979798	0.979798	0.979798	0.979798	0.979798	0.979798	0.979798	0.979798	0.979798	0.979798	0.979798	0.979798	0.979798	0.979798	0.979798	0.979798	0.979798	0.979798	0.979798	0.979798	0.979798	0.979798	0.979798	0.979798	0.979798	0.979798	0.979798	0.979798	0.979798	0.979798	0.979798	0.979798	0.979798	0.979798	0.979798	0.979798	0.979798	0.979798	0.979798	0.979798	0.979798	0.979798	0.979798	0.979798	0.979798	0.979798	0.979798	0.979798	0.979798	0.979798	0.979798	0.979798	0.979798	0.979798	0.979798	0.979798	0.979798	0.979798	0.979798	0.979798	0.979798	0.979798	0.979798	0.979798	0.979798	0.979798	0.979798	0.979798	0.979798	0.979798	0.979688	0.979518	0.979349	0.979179	0.979010	0.978840	0.978671	0.978501	0.978332	0.978162	0.977993
0.978744	0.978829	0.978914	0.978999	0.979085	0.979170	0.979255	0.979340	0.979426	0.978469	0.978635	0.978801	0.978968	0.979134	0.979300	0.979466	0.979632	0.979798	0.979798	0.979798	0.979798	0.979798	0.979798	0.979798	0.979798	0.979798	0.979798	0.979798	0.979798	0.979798	0.979798	0.979798	0.979798	0.979798	0.979798	0.979798	0.979798	0.979798	0.979798	0.979798	0.979798	0.979798	0.979798	0.979798	0.979798	0.979798	0.979798	0.979798	0.979798	0.979798	0.979798	0.979798	0.979798	0.979798	0.979798	0.979798	0.979798	0.979798	0.979798	0.979798	0.979798	0.979798	0.979798	0.979798	0.979798	0.979798	0.979798	0.979798	0.979798	0.979798	0.979798	0.979798	0.979798	0.979798	0.979798	0.979798	0.979798	0.979798	0.979798	0.979798	0.979798	0.979798	0.979798	0.979798	0.979798	0.979798	0.979798	0.979798	0.979798	0.979798	0.979798	0.979798	0.979798	0.979798	0.979798	0.979798	0.979798	0.979798	0.979798	0.979798	0.979798	0.979798	0.979798	0.979798	0.979798	0.979798	0.979798	0.979798	0.979798	0.979798	0.979798	0.979798	0.979798	0.979798	0.979798	0.979798	0.979798	0.979798	0.979798	0.979798	0.979798	0.979798	0.979798	0.979798	0.979798	0.979798	0.979798	0.979798	0.979798	0.979798	0.979798	0.979798	0.979798	0.979798	0.979798	0.979798	0.979798	0.979798	0.979798	0.979798	0.979798	0.979798	0.979798	0.979798	0.979798	0.979798	0.979798	0.979798	0.979798	0.979798	0.979798	0.979798	0.979798	0.979798	0.979798	0.979798	0.979798	0.979798	0.979798	0.979798	0.979798	0.979798	0.979798	0.979798	0.979798	0.979798	0.979798	0.979798	0.979798	0.979798	0.979798	0.979798	0.979798	0.979798	0.979688	0.979518	0.979349	0.979179	0.979010	0.978840	0.978671	0.978501	0.978332	0.978162	0.977993
0.979468	0.978881	0.978966	0.979052	0.979137	0.979222	0.979307	0.979393	0.979478	0.978635	0.978801	0.978968	0.979134	0.979300	0.979466	0.979632	0.979798	0.979798	0.979798	0.979798	0.979798	0.979798	0.979798	0.979798	0.979798	0.979798	0.979798	0.979798	0.979798	0.979798	0.979798	0.979798	0.979798	0.979798	0.979798	0.979798	0.979798	0.979798	0.979798	0.979798	0.979798	0.979798	0.979798	0.979798	0.979798	0.979798	0.979798	0.979798	0.979798	0.979798	0.979798	0.979798	0.979798	0.979798	0.979798	0.979798	0.979798	0.979798	0.979798	0.979798	0.979798	0.979798	0.979798	0.979798	0.979798	0.979798	0.979798	0.979798	0.979798	0.979798	0.979798	0.979798	0.979798	0.979798	0.979798	0.979798	0.979798	0.979798	0.979798	0.979798	0.979798	0.979798	0.979798	0.979798	0.979798	0.979798	0.979798	0.979798	0.979798	0.979798	0.979798	0.979798	0.979798	0.979798	0.979798	0.979798	0.979798	0.979798	0.979798	0.979798	0.979798	0.979798	0.979798	0.979798	0.979798	0.979798	0.979798	0.979798	0.979798	0.979798	0.979798	0.979798	0.979798	0.979798	0.979798	0.979798	0.979798	0.979798	0.979798	0.979798	0.979798	0.979798	0.979798	0.979798	0.979798	0.979798	0.979798	0.979798	0.979798	0.979798	0.979798	0.979798	0.979798	0.979798	0.979798	0.979798	0.979798	0.979798	0.979798	0.979798	0.979798	0.979798	0.979798	0.979798	0.979798	0.979798	0.979798	0.979798	0.979798	0.979798	0.979798	0.979798	0.979798	0.979798	0.979798	0.979798	0.979798	0.979798	0.979798	0.979798	0.979798	0.979798	0.979798	0.979798	0.979798	0.979798	0.979798	0.979798	0.979798	0.979798	0.979798	0.979798	0.979798	0.979798	0.979798	0.979688	0.979518	0.979349	0.979179	0.979010	0.978840	0.978671	0.978501	0.978332	0.978162	0.977993
0.978934	0.979019	0.979104	0.979189	0.979275	0.979360	0.979445	0.978635	0.978801	0.978968	0.979134	0.979300	0.979466	0.979632	0.979798	0.979798	0.979798	0.979798	0.979798	0.979798	0.979798	0.979798	0.979798	0.979798	0.979798	0.979798	0.979798	0.979798	0.979798	0.979798	0.979798	0.979798	0.979798	0.979798	0.979798	0.979798	0.979798	0.979798	0.979798	0.979798	0.979798	0.979798	0.979798	0.979798	0.979798	0.979798	0.979798	0.979798	0.979798	0.979798	0.979798	0.979798	0.979798	0.979798	0.979798	0.979798	0.979798	0.979798	0.979798	0.979798	0.979798	0.979798	0.979798	0.979798	0.979798	0.979798	0.979798	0.979798	0.979798	0.979798	0.979798	0.979798	0.979798	0.979798	0.979798	0.979798	0.979798	0.979798	0.979798	0.979798	0.979798	0.979798	0.979798	0.979798	0.979798	0.979798	0.979798	0.979798	0.979798	0.979798	0.979798	0.979798	0.979798	0.979798	0.979798	0.979798	0.979798	0.979798	0.979798	0.979798	0.979798	0.979798	0.979798	0.979798	0.979798	0.979798	0.979798	0.979798	0.979798	0.979798	0.979798	0.979798	0.979798	0.979798	0.979798	0.979798	0.979798	0.979798	0.979798	0.979798	0.979798	0.979798	0.979798	0.979798	0.979798	0.979798	0.979798	0.979798	0.979798	0.979798	0.979798	0.979798	0.979798	0.979798	0.979798	0.979798	0.979798	0.979798	0.979798	0.979798	0.979798	0.979798	0.979798	0.979798	0.979798	0.979798	0.979798	0.979798	0.979798	0.979798	0.979798	0.979798	0.979798	0.979798	0.979798	0.979798	0.979798	0.979798	0.979798	0.979798	0.979798	0.979798	0.979798	0.979798	0.979798	0.979798	0.979798	0.979798	0.979798	0.979798	0.979798	0.979798	0.979798	0.979798	0.979798	0.979688	0.979518	0.979349	0.979179	0.979010	0.978840	0.978671	0.978501	0.978332	0.978162	0.977993
0.979532	0.979071	0.979156	0.979242	0.979327	0.979412	0.979497	0.978801	0.978968	0.979134	0.979300	0.979466	0.979632	0.979798	0.979798	0.979798	0.979798	0.979798	0.979798	0.979798	0.979798	0.979798	0.979798	0.979798	0.979798	0.979798	0.979798	0.979798	0.979798	0.979798	0.979798	0.979798	0.979798	0.979798	0.979798	0.979798	0.979798	0.979798	0.979798	0.979798	0.979798	0.979798	0.979798	0.979798	0.979798	0.979798	0.979798	0.979798	0.979798	0.979798	0.979798	0.979798	0.979798	0.979798	0.979798	0.979798	0.979798	0.979798	0.979798	0.979798	0.979798	0.979798	0.979798	0.979798	0.979798	0.979798	0.979798	0.979798	0.979798	0.979798	0.979798	0.979798	0.979798	0.979798	0.979798	0.979798	0.979798	0.979798	0.979798	0.979798	0.979798	0.979798	0.979798	0.979798	0.979798	0.979798	0.979798	0.979798	0.979798	0.979798	0.979798	0.979798	0.979798	0.979798	0.979798	0.979798	0.979798	0.979798	0.979798	0.979798	0.979798	0.979798	0.979798	0.979798	0.979798	0.979798	0.979798	0.979798	0.979798	0.979798	0.979798	0.979798	0.979798	0.979798	0.979798	0.979798	0.979798	0.979798	0.979798	0.979798	0.979798	0.979798	0.979798	0.979798	0.979798	0.979798	0.979798	0.979798	0.979798	0.979798	0.979798	0.979798	0.979798	0.979798	0.979798	0.979798	0.979798	0.979798	0.979798	0.979798	0.979798	0.979798	0.979798	0.979798	0.979798	0.979798	0.979798	0.979798	0.979798	0.979798	0.979798	0.979798	0.979798	0.979798	0.979798	0.979798	0.979798	0.979798	0.979798	0.979798	0.979798	0.979798	0.979798	0.979798	0.979798	0.979798	0.979798	0.979798	0.979798	0.979798	0.979798	0.979798	0.979798	0.979798	0.979798	0.979798	0.979688	0.979518	0.979349	0.979179	0.979010	0.978840	0.978671	0.978501	0.978332	0.978162	0.977993
0.979123	0.979209	0.979294	0.979379	0.979464	0.979550	0.978968	0.979134	0.979300	0.979466	0.979632	0.979798	0.979798	0.979798	0.979798	0.979798	0.979798	0.979798	0.979798	0.979798	0.979798	0.979798	0.979798	0.979798	0.979798	0.979798	0.979798	0.979798	0.979798	0.979798	0.979798	0.979798	0.979798	0.979798	0.979798	0.979798	0.979798	0.979798	0.979798	0.979798	0.979798	0.979798	0.979798	0.979798	0.979798	0.979798	0.979798	0.979798	0.979798	0.979798	0.979798	0.979798	0.979798	0.979798	0.979798	0.979798	0.979798	0.979798	0.979798	0.979798	0.979798	0.979798	0.979798	0.979798	0.979798	0.979798	0.979798	0.979798	0.979798	0.979798	0.979798	0.979798	0.979798	0.979798	0.979798	0.979798	0.979798	0.979798	0.979798	0.979798	0.979798	0.979798	0.979798	0.979798	0.979798	0.979798	0.979798	0.979798	0.979798	0.979798	0.979798	0.979798	0.979798	0.979798	0.979798	0.979798	0.979798	0.979798	0.979798	0.979798	0.979798	0.979798	0.979798	0.979798	0.979798	0.979798	0.979798	0.979798	0.979798	0.979798	0.979798	0.979798	0.979798	0.979798	0.979798	0.979798	0.979798	0.979798	0.979798	0.979798	0.979798	0.979798	0.979798	0.979798	0.979798	0.979798	0.979798	0.979798	0.979798	0.979798	0.979798	0.979798	0.979798	0.979798	0.979798	0.979798	0.979798	0.979798	0.979798	0.979798	0.979798	0.979798	0.979798	0.979798	0.979798	0.979798	0.979798	0.979798	0.979798	0.979798	0.979798	0.979798	0.979798	0.979798	0.979798	0.979798	0.979798	0.979798	0.979798	0.979798	0.979798	0.979798	0.979798	0.979798	0.979798	0.979798	0.979798	0.979798	0.979798	0.979798	0.979798	0.979798	0.979798	0.979798	0.979798	0.979798	0.979688	0.979518	0.979349	0.979179	0.979010	0.978840	0.978671	0.978501	0.978332	0.978162	0.977993
0.979176	0.979261	0.979346	0.979432	0.979517	0.978968	0.979134	0.979300	0.979466	0.979632	0.979798	0.979798	0.979798	0.979798	0.979798	0.979798	0.979798	0.979798	0.979798	0.979798	0.979798	0.979798	0.979798	0.979798	0.979798	0.979798	0.979798	0.979798	0.979798	0.979798	0.979798	0.979798	0.979798	0.979798	0.979798	0.979798	0.979798	0.979798	0.979798	0.979798	0.979798	0.979798	0.979798	0.979798	0.979798	0.979798	0.979798	0.979798	0.979798	0.979798	0.979798	0.979798	0.979798	0.979798	0.979798	0.979798	0.979798	0.979798	0.979798	0.979798	0.979798	0.979798	0.979798	0.979798	0.979798	0.979798	0.979798	0.979798	0.979798	0.979798	0.979798	0.979798	0.979798	0.979798	0.979798	0.979798	0.979798	0.979798	0.979798	0.979798	0.979798	0.979798	0.979798	0.979798	0.979798	0.979798	0.979798	0.979798	0.979798	0.979798	0.979798	0.979798	0.979798	0.979798	0.979798	0.979798	0.979798	0.979798	0.979798	0.979798	0.979798	0.979798	0.979798	0.979798	0.979798	0.979798	0.979798	0.979798	0.979798	0.979798	0.979798	0.979798	0.979798	0.979798	0.979798	0.979798	0.979798	0.979798	0.979798	0.979798	0.979798	0.979798	0.979798	0.979798	0.979798	0.979798	0.979798	0.979798	0.979798	0.979798	0.979798	0.979798	0.979798	0.979798	0.979798	0.979798	0.979798	0.979798	0.979798	0.979798	0.979798	0.979798	0.979798	0.979798	0.979798	0.979798	0.979798	0.979798	0.979798	0.979798	0.979798	0.979798	0.979798	0.979798	0.979798	0.979798	0.979798	0.979798	0.979798	0.979798	0.979798	0.979798	0.979798	0.979798	0.979798	0.979798	0.979798	0.979798	0.979798	0.979798	0.979798	0.979798	0.979798	0.979798	0.979798	0.979798	0.979798	0.979688	0.979518	0.979349	0.979179	0.979010	0.978840	0.978671	0.978501	0.978332	0.978162	0.977993
0.979606	0.979313	0.979399	0.979484	0.979569	0.979134	0.979300	0.979466	0.979632	0.979798	0.979798	0.979798	0.979798	0.979798	0.979798	0.979798	0.979798	0.979798	0.979798	0.979798	0.979798	0.979798	0.979798	0.979798	0.979798	0.979798	0.979798	0.979798	0.979798	0.979798	0.979798	0.979798	0.979798	0.979798	0.979798	0.979798	0.979798	0.979798	0.979798	0.979798	0.979798	0.979798	0.979798	0.979798	0.979798	0.979798	0.979798	0.979798	0.979798	0.979798	0.979798	0.979798	0.979798	0.979798	0.979798	0.979798	0.979798	0.979798	0.979798	0.979798	0.979798	0.979798	0.979798	0.979798	0.979798	0.979798	0.979798	0.979798	0.979798	0.979798	0.979798	0.979798	0.979798	0.979798	0.979798	0.979798	0.979798	0.979798	0.979798	0.979798	0.979798	0.979798	0.979798	0.979798	0.979798	0.979798	0.979798	0.979798	0.979798	0.979798	0.979798	0.979798	0.979798	0.979798	0.979798	0.979798	0.979798	0.979798	0.979798	0.979798	0.979798	0.979798	0.979798	0.979798	0.979798	0.979798	0.979798	0.979798	0.979798	0.979798	0.979798	0.979798	0.979798	0.979798	0.979798	0.979798	0.979798	0.979798	0.979798	0.979798	0.979798	0.979798	0.979798	0.979798	0.979798	0.979798	0.979798	0.979798	0.979798	0.979798	0.979798	0.979798	0.979798	0.979798	0.979798	0.979798	0.979798	0.979798	0.979798	0.979798	0.979798	0.979798	0.979798	0.979798	0.979798	0.979798	0.979798	0.979798	0.979798	0.979798	0.979798	0.979798	0.979798	0.979798	0.979798	0.979798	0.979798	0.979798	0.979798	0.979798	0.979798	0.979798	0.979798	0.979798	0.979798	0.979798	0.979798	0.979798	0.979798	0.979798	0.979798	0.979798	0.979798	0.979798	0.979798	0.979798	0.979798	0.979798	0.979688	0.979518	0.979349	0.979179	0.979010	0.978840	0.978671	0.978501	0.978332	0.978162	0.977993
0.979366	0.979451	0.979536	0.979622	0.979300	0.979466	0.979632	0.979798	0.979798	0.979798	0.979798	0.979798	0.979798	0.979798	0.979798	0.979798	0.979798	0.979798	0.979798	0.979798	0.979798	0.979798	0.979798	0.979798	0.979798	0.979798	0.979798	0.979798	0.979798	0.979798	0.979798	0.979798	0.979798	0.979798	0.979798	0.979798	0.979798	0.979798	0.979798	0.979798	0.979798	0.979798	0.979798	0.979798	0.979798	0.979798	0.979798	0.979798	0.979798	0.979798	0.979798	0.979798	0.979798	0.979798	0.979798	0.979798	0.979798	0.979798	0.979798	0.979798	0.979798	0.979798	0.979798	0.979798	0.979798	0.979798	0.979798	0.979798	0.979798	0.979798	0.979798	0.979798	0.979798	0.979798	0.979798	0.979798	0.979798	0.979798	0.979798	0.979798	0.979798	0.979798	0.979798	0.979798	0.979798	0.979798	0.979798	0.979798	0.979798	0.979798	0.979798	0.979798	0.979798	0.979798	0.979798	0.979798	0.979798	0.979798	0.979798	0.979798	0.979798	0.979798	0.979798	0.979798	0.979798	0.979798	0.979798	0.979798	0.979798	0.979798	0.979798	0.979798	0.979798	0.979798	0.979798	0.979798	0.979798	0.979798	0.979798	0.979798	0.979798	0.979798	0.979798	0.979798	0.979798	0.979798	0.979798	0.979798	0.979798	0.979798	0.979798	0.979798	0.979798	0.979798	0.979798	0.979798	0.979798	0.979798	0.979798	0.979798	0.979798	0.979798	0.979798	0.979798	0.979798	0.979798	0.979798	0.979798	0.979798	0.979798	0.979798	0.979798	0.979798	0.979798	0.979798	0.979798	0.979798	0.979798	0.979798	0.979798	0.979798	0.979798	0.979798	0.979798	0.979798	0.979798	0.979798	0.979798	0.979798	0.979798	0.979798	0.979798	0.979798	0.979798	0.979798	0.979798	0.979798	0.979798	0.979688	0.979518	0.979349	0.979179	0.979010	0.978840	0.978671	0.978501	0.978332	0.978162	0.977993
0.979418	0.979503	0.979589	0.979300	0.979466	0.979632	0.979798	0.979798	0.979798	0.979798	0.979798	0.979798	0.979798	0.979798	0.979798	0.979798	0.979798	0.979798	0.979798	0.979798	0.979798	0.979798	0.979798	0.979798	0.979798	0.979798	0.979798	0.979798	0.979798	0.979798	0.979798	0.979798	0.979798	0.979798	0.979798	0.979798	0.979798	0.979798	0.979798	0.979798	0.979798	0.979798	0.979798	0.979798	0.979798	0.979798	0.979798	0.979798	0.979798	0.979798	0.979798	0.979798	0.979798	0.979798	0.979798	0.979798	0.979798	0.979798	0.979798	0.979798	0.979798	0.979798	0.979798	0.979798	0.979798	0.979798	0.979798	0.979798	0.979798	0.979798	0.979798	0.979798	0.979798	0.979798	0.979798	0.979798	0.979798	0.979798	0.979798	0.979798	0.979798	0.979798	0.979798	0.979798	0.979798	0.979798	0.979798	0.979798	0.979798	0.979798	0.979798	0.979798	0.979798	0.979798	0.979798	0.979798	0.979798	0.979798	0.979798	0.979798	0.979798	0.979798	0.979798	0.979798	0.979798	0.979798	0.979798	0.979798	0.979798	0.979798	0.979798	0.979798	0.979798	0.979798	0.979798	0.979798	0.979798	0.979798	0.979798	0.979798	0.979798	0.979798	0.979798	0.979798	0.979798	0.979798	0.979798	0.979798	0.979798	0.979798	0.979798	0.979798	0.979798	0.979798	0.979798	0.979798	0.979798	0.979798	0.979798	0.979798	0.979798	0.979798	0.979798	0.979798	0.979798	0.979798	0.979798	0.979798	0.979798	0.979798	0.979798	0.979798	0.979798	0.979798	0.979798	0.979798	0.979798	0.979798	0.979798	0.979798	0.979798	0.979798	0.979798	0.979798	0.979798	0.979798	0.979798	0.979798	0.979798	0.979798	0.979798	0.979798	0.979798	0.979798	0.979798	0.979798	0.979798	0.979798	0.979798	0.979688	0.979518	0.979349	0.979179	0.979010	0.978840	0.978671	0.978501	0.978332	0.978162	0.977993
0.979556	0.979641	0.979466	0.979632	0.979798	0.979798	0.979798	0.979798	0.979798	0.979798	0.979798	0.979798	0.979798	0.979798	0.979798	0.979798	0.979798	0.979798	0.979798	0.979798	0.979798	0.979798	0.979798	0.979798	0.979798	0.979798	0.979798	0.979798	0.979798	0.979798	0.979798	0.979798	0.979798	0.979798	0.979798	0.979798	0.979798	0.979798	0.979798	0.979798	0.979798	0.979798	0.979798	0.979798	0.979798	0.979798	0.979798	0.979798	0.979798	0.979798	0.979798	0.979798	0.979798	0.979798	0.979798	0.979798	0.979798	0.979798	0.979798	0.979798	0.979798	0.979798	0.979798	0.979798	0.979798	0.979798	0.979798	0.979798	0.979798	0.979798	0.979798	0.979798	0.979798	0.979798	0.979798	0.979798	0.979798	0.979798	0.979798	0.979798	0.979798	0.979798	0.979798	0.979798	0.979798	0.979798	0.979798	0.979798	0.979798	0.979798	0.979798	0.979798	0.979798	0.979798	0.979798	0.979798	0.979798	0.979798	0.979798	0.979798	0.979798	0.979798	0.979798	0.979798	0.979798	0.979798	0.979798	0.979798	0.979798	0.979798	0.979798	0.979798	0.979798	0.979798	0.979798	0.979798	0.979798	0.979798	0.979798	0.979798	0.979798	0.979798	0.979798	0.979798	0.979798	0.979798	0.979798	0.979798	0.979798	0.979798	0.979798	0.979798	0.979798	0.979798	0.979798	0.979798	0.979798	0.979798	0.979798	0.979798	0.979798	0.979798	0.979798	0.979798	0.979798	0.979798	0.979798	0.979798	0.979798	0.979798	0.979798	0.979798	0.979798	0.979798	0.979798	0.979798	0.979798	0.979798	0.979798	0.979798	0.979798	0.979798	0.979798	0.979798	0.979798	0.979798	0.979798	0.979798	0.979798	0.979798	0.979798	0.979798	0.979798	0.979798	0.979798	0.979798	0.979798	0.979798	0.979798	0.979688	0.979518	0.979349	0.979179	0.979010	0.978840	0.978671	0.978501	0.978332	0.978162	0.977993
0.979608	0.979693	0.979632	0.979798	0.979798	0.979798	0.979798	0.979798	0.979798	0.979798	0.979798	0.979798	0.979798	0.979798	0.979798	0.979798	0.979798	0.979798	0.979798	0.979798	0.979798	0.979798	0.979798	0.979798	0.979798	0.979798	0.979798	0.979798	0.979798	0.979798	0.979798	0.979798	0.979798	0.979798	0.979798	0.979798	0.979798	0.979798	0.979798	0.979798	0.979798	0.979798	0.979798	0.979798	0.979798	0.979798	0.979798	0.979798	0.979798	0.979798	0.979798	0.979798	0.979798	0.979798	0.979798	0.979798	0.979798	0.979798	0.979798	0.979798	0.979798	0.979798	0.979798	0.979798	0.979798	0.979798	0.979798	0.979798	0.979798	0.979798	0.979798	0.979798	0.979798	0.979798	0.979798	0.979798	0.979798	0.979798	0.979798	0.979798	0.979798	0.979798	0.979798	0.979798	0.979798	0.979798	0.979798	0.979798	0.979798	0.979798	0.979798	0.979798	0.979798	0.979798	0.979798	0.979798	0.979798	0.979798	0.979798	0.979798	0.979798	0.979798	0.979798	0.979798	0.979798	0.979798	0.979798	0.979798	0.979798	0.979798	0.979798	0.979798	0.979798	0.979798	0.979798	0.979798	0.979798	0.979798	0.979798	0.979798	0.979798	0.979798	0.979798	0.979798	0.979798	0.979798	0.979798	0.979798	0.979798	0.979798	0.979798	0.979798	0.979798	0.979798	0.979798	0.979798	0.979798	0.979798	0.979798	0.979798	0.979798	0.979798	0.979798	0.979798	0.979798	0.979798	0.979798	0.979798	0.979798	0.979798	0.979798	0.979798	0.979798	0.979798	0.979798	0.979798	0.979798	0.979798	0.979798	0.979798	0.979798	0.979798	0.979798	0.979798	0.979798	0.979798	0.979798	0.979798	0.979798	0.979798	0.979798	0.979798	0.979798	0.979798	0.979798	0.979798	0.979798	0.979798	0.979798	0.979798	0.979688	0.979518	0.979349	0.979179	0.979010	0.978840	0.978671	0.978501	0.978332	0.978162	0.977993
0.979632	0.979798	0.979798	0.979798	0.979798	0.979798	0.979798	0.979798	0.979798	0.979798	0.979798	0.979798	0.979798	0.979798	0.979798	0.979798	0.979798	0.979798	0.979798	0.979798	0.979798	0.979798	0.979798	0.979798	0.979798	0.979798	0.979798	0.979798	0.979798	0.979798	0.979798	0.979798	0.979798	0.979798	0.979798	0.979798	0.979798	0.979798	0.979798	0.979798	0.979798	0.979798	0.979798	0.979798	0.979798	0.979798	0.979798	0.979798	0.979798	0.979798	0.979798	0.979798	0.979798	0.979798	0.979798	0.979798	0.979798	0.979798	0.979798	0.979798	0.979798	0.979798	0.979798	0.979798	0.979798	0.979798	0.979798	0.979798	0.979798	0.979798	0.979798	0.979798	0.979798	0.979798	0.979798	0.979798	0.979798	0.979798	0.979798	0.979798	0.979798	0.979798	0.979798	0.979798	0.979798	0.979798	0.979798	0.979798	0.979798	0.979798	0.979798	0.979798	0.979798	0.979798	0.979798	0.979798	0.979798	0.979798	0.979798	0.979798	0.979798	0.979798	0.979798	0.979798	0.979798	0.979798	0.979798	0.979798	0.979798	0.979798	0.979798	0.979798	0.979798	0.979798	0.979798	0.979798	0.979798	0.979798	0.979798	0.979798	0.979798	0.979798	0.979798	0.979798	0.979798	0.979798	0.979798	0.979798	0.979798	0.979798	0.979798	0.979798	0.979798	0.979798	0.979798	0.979798	0.979798	0.979798	0.979798	0.979798	0.979798	0.979798	0.979798	0.979798	0.979798	0.979798	0.979798	0.979798	0.979798	0.979798	0.979798	0.979798	0.979798	0.979798	0.979798	0.979798	0.979798	0.979798	0.979798	0.979798	0.979798	0.979798	0.979798	0.979798	0.979798	0.979798	0.979798	0.979798	0.979798	0.979798	0.979798	0.979798	0.979798	0.979798	0.979798	0.979798	0.979798	0.979798	0.979798	0.979798	0.979688	0.979518	0.979349	0.979179	0.979010	0.978840	0.978671	0.978501	0.978332	0.978162	0.977993
0.979798	0.979798	0.979798	0.979798	0.979798	0.979798	0.979798	0.979798	0.979798	0.979798	0.979798	0.979798	0.979798	0.979798	0.979798	0.979798	0.979798	0.979798	0.979798	0.979798	0.979798	0.979798	0.979798	0.979798	0.979798	0.979798	0.979798	0.979798	0.979798	0.979798	0.979798	0.979798	0.979798	0.979798	0.979798	0.979798	0.979798	0.979798	0.979798	0.979798	0.979798	0.979798	0.979798	0.979798	0.979798	0.979798	0.979798	0.979798	0.979798	0.979798	0.979798	0.979798	0.979798	0.979798	0.979798	0.979798	0.979798	0.979798	0.979798	0.979798	0.979798	0.979798	0.979798	0.979798	0.979798	0.979798	0.979798	0.979798	0.979798	0.979798	0.979798	0.979798	0.979798	0.979798	0.979798	0.979798	0.979798	0.979798	0.979798	0.979798	0.979798	0.979798	0.979798	0.979798	0.979798	0.979798	0.979798	0.979798	0.979798	0.979798	0.979798	0.979798	0.979798	0.979798	0.979798	0.979798	0.979798	0.979798	0.979798	0.979798	0.979798	0.979798	0.979798	0.979798	0.979798	0.979798	0.979798	0.979798	0.979798	0.979798	0.979798	0.979798	0.979798	0.979798	0.979798	0.979798	0.979798	0.979798	0.979798	0.979798	0.979798	0.979798	0.979798	0.979798	0.979798	0.979798	0.979798	0.979798	0.979798	0.979798	0.979798	0.979798	0.979798	0.979798	0.979798	0.979798	0.979798	0.979798	0.979798	0.979798	0.979798	0.979798	0.979798	0.979798	0.979798	0.979798	0.979798	0.979798	0.979798	0.979798	0.979798	0.979798	0.979798	0.979798	0.979798	0.979798	0.979798	0.979798	0.979798	0.979798	0.979798	0.979798	0.979798	0.979798	0.979798	0.979798	0.979798	0.979798	0.979798	0.979798	0.979798	0.979798	0.979798	0.979798	0.979798	0.979798	0.979798	0.979798	0.979798	0.979798	0.979798	0.979688	0.979518	0.979349	0.979179	0.979010	0.978840	0.978671	0.978501	0.978332	0.978162	0.977993
0.979886	0.979995	0.980103	0.980212	0.980320	0.980429	0.980537	0.980645	0.980754	0.980862	0.980971	0.981079	0.981188	0.981296	0.981404	0.981513
0.979975	0.980083	0.980192	0.980300	0.980409	0.980517	0.980625	0.980734	0.980842	0.980951	0.981059	0.981168	0.981276	0.981384	0.981493
0.979955	0.980063	0.980172	0.980280	0.980388	0.980497	0.980605	0.980714	0.980822	0.980931	0.981039	0.981147	0.981256	0.981364	0.981473
0.980043	0.980152	0.980260	0.980368	0.980477	0.980585	0.980694	0.980802	0.980911	0.981019	0.981127	0.981236	0.981344	0.981453
0.980131	0.980240	0.980348	0.980457	0.980565	0.980674	0.980782	0.980891	0.980999	0.981107	0.981216	0.981324	0.981433
0.980220	0.980328	0.980437	0.980545	0.980654	0.980762	0.980870	0.980979	0.981087	0.981196	0.981304	0.981413
0.980200	0.980308	0.980417	0.980525	0.980634	0.980742	0.980850	0.980959	0.981067	0.981176	0.981284	0.981393
0.980288	0.980397	0.980505	0.980613	0.980722	0.980830	0.980939	0.981047	0.981156	0.981264	0.981373
0.980377	0.980485	0.980593	0.980702	0.980810	0.980919	0.981027	0.981136	0.981244	0.981352
0.980465	0.980573	0.980682	0.980790	0.980899	0.981007	0.981116	0.981224	0.981332
0.980445	0.980553	0.980662	0.980770	0.980879	0.980987	0.981095	0.981204	0.981312
0.980533	0.980642	0.980750	0.980859	0.980967	0.981075	0.981184	0.981292
0.980622	0.980730	0.980838	0.980947	0.981055	0.981164	0.981272
0.980710	0.980818	0.980927	0.981035	0.981144	0.981252
0.980690	0.980798	0.980907	0.981015	0.981124	0.981232
0.980778	0.980887	0.980995	0.981104	0.981212
0.980867	0.980975	0.981084	0.981192
0.980955	0.981064	0.981172
0.980935	0.981043	0.981152
0.981023	0.981132
0.981112





































































































































































































































